/// @brief The maximum steering angle defined by the lookup table, in degrees.
#define STEERING_ANGLE_MAX 120.0000

/// @brief The width of the lookup table along the steering angle axis. Note this axis is mirrored.
#define STEERING_ANGLE_WIDTH 121

/// @brief The maximum vehicle speed defined by the lookup table, in km/h.
#define VEHICLE_SPEED_MAX 80.0000

/// @brief The width of the lookup table along the vehicle speed axis. This axis is not mirrored.
#define VEHICLE_SPEED_WIDTH 81

/// @brief The lookup table of ideal yaw rates, in degrees per second.
static const float YAW_LOOKUP_TABLE [VEHICLE_SPEED_WIDTH][STEERING_ANGLE_WIDTH] =
{
	{  -0.0000,   0.0001,   0.0002,   0.0002,   0.0003,   0.0004,   0.0005,   0.0005,   0.0006,   0.0007,   0.0008,   0.0008,   0.0009,   0.0010,   0.0011,   0.0011,   0.0012,   0.0013,   0.0014,   0.0014,   0.0015,   0.0016,   0.0017,   0.0017,   0.0018,   0.0019,   0.0020,   0.0020,   0.0021,   0.0022,   0.0023,   0.0023,   0.0024,   0.0025,   0.0026,   0.0026,   0.0027,   0.0028,   0.0029,   0.0029,   0.0030,   0.0031,   0.0032,   0.0032,   0.0033,   0.0034,   0.0035,   0.0035,   0.0036,   0.0037,   0.0038,   0.0038,   0.0039,   0.0040,   0.0041,   0.0042,   0.0042,   0.0043,   0.0044,   0.0045,   0.0045,   0.0046,   0.0047,   0.0048,   0.0048,   0.0049,   0.0050,   0.0051,   0.0051,   0.0052,   0.0053,   0.0054,   0.0054,   0.0055,   0.0056,   0.0057,   0.0057,   0.0058,   0.0059,   0.0060,   0.0060,   0.0061,   0.0062,   0.0063,   0.0063,   0.0064,   0.0065,   0.0066,   0.0066,   0.0067,   0.0068,   0.0069,   0.0069,   0.0070,   0.0071,   0.0072,   0.0072,   0.0073,   0.0074,   0.0075,   0.0075,   0.0076,   0.0077,   0.0078,   0.0078,   0.0079,   0.0080,   0.0081,   0.0082,   0.0082,   0.0083,   0.0084,   0.0085,   0.0085,   0.0086,   0.0087,   0.0088,   0.0088,   0.0089,   0.0090,   0.0091 },
	{  -0.0000,   0.0316,   0.0631,   0.0947,   0.1263,   0.1578,   0.1894,   0.2210,   0.2526,   0.2841,   0.3157,   0.3473,   0.3788,   0.4104,   0.4420,   0.4735,   0.5051,   0.5367,   0.5683,   0.5998,   0.6314,   0.6630,   0.6945,   0.7261,   0.7577,   0.7892,   0.8208,   0.8524,   0.8840,   0.9155,   0.9471,   0.9787,   1.0102,   1.0418,   1.0734,   1.1049,   1.1365,   1.1681,   1.1997,   1.2312,   1.2628,   1.2944,   1.3259,   1.3575,   1.3891,   1.4206,   1.4522,   1.4838,   1.5154,   1.5469,   1.5785,   1.6101,   1.6416,   1.6732,   1.7048,   1.7363,   1.7679,   1.7995,   1.8311,   1.8626,   1.8942,   1.9258,   1.9573,   1.9889,   2.0205,   2.0520,   2.0836,   2.1152,   2.1468,   2.1783,   2.2099,   2.2415,   2.2730,   2.3046,   2.3362,   2.3677,   2.3993,   2.4309,   2.4625,   2.4940,   2.5256,   2.5572,   2.5887,   2.6203,   2.6519,   2.6834,   2.7150,   2.7466,   2.7782,   2.8097,   2.8413,   2.8729,   2.9044,   2.9360,   2.9676,   2.9991,   3.0307,   3.0623,   3.0939,   3.1254,   3.1570,   3.1886,   3.2201,   3.2517,   3.2833,   3.3148,   3.3464,   3.3780,   3.4095,   3.4411,   3.4727,   3.5043,   3.5358,   3.5674,   3.5990,   3.6305,   3.6621,   3.6937,   3.7252,   3.7568,   3.7884 },
	{  -0.0000,   0.0631,   0.1261,   0.1892,   0.2523,   0.3153,   0.3784,   0.4415,   0.5045,   0.5676,   0.6306,   0.6937,   0.7568,   0.8198,   0.8829,   0.9460,   1.0090,   1.0721,   1.1352,   1.1982,   1.2613,   1.3244,   1.3874,   1.4505,   1.5135,   1.5766,   1.6397,   1.7027,   1.7658,   1.8289,   1.8919,   1.9550,   2.0181,   2.0811,   2.1442,   2.2073,   2.2703,   2.3334,   2.3964,   2.4595,   2.5226,   2.5856,   2.6487,   2.7118,   2.7748,   2.8379,   2.9010,   2.9640,   3.0271,   3.0902,   3.1532,   3.2163,   3.2793,   3.3424,   3.4055,   3.4685,   3.5316,   3.5947,   3.6577,   3.7208,   3.7839,   3.8469,   3.9100,   3.9731,   4.0361,   4.0992,   4.1622,   4.2253,   4.2884,   4.3514,   4.4145,   4.4776,   4.5406,   4.6037,   4.6668,   4.7298,   4.7929,   4.8560,   4.9190,   4.9821,   5.0451,   5.1082,   5.1713,   5.2343,   5.2974,   5.3605,   5.4235,   5.4866,   5.5497,   5.6127,   5.6758,   5.7389,   5.8019,   5.8650,   5.9280,   5.9911,   6.0542,   6.1172,   6.1803,   6.2434,   6.3064,   6.3695,   6.4326,   6.4956,   6.5587,   6.6218,   6.6848,   6.7479,   6.8109,   6.8740,   6.9371,   7.0001,   7.0632,   7.1263,   7.1893,   7.2524,   7.3155,   7.3785,   7.4416,   7.5047,   7.5677 },
	{  -0.0000,   0.0946,   0.1891,   0.2837,   0.3782,   0.4728,   0.5674,   0.6619,   0.7565,   0.8510,   0.9456,   1.0401,   1.1347,   1.2293,   1.3238,   1.4184,   1.5129,   1.6075,   1.7021,   1.7966,   1.8912,   1.9857,   2.0803,   2.1749,   2.2694,   2.3640,   2.4585,   2.5531,   2.6476,   2.7422,   2.8368,   2.9313,   3.0259,   3.1204,   3.2150,   3.3096,   3.4041,   3.4987,   3.5932,   3.6878,   3.7824,   3.8769,   3.9715,   4.0660,   4.1606,   4.2551,   4.3497,   4.4443,   4.5388,   4.6334,   4.7279,   4.8225,   4.9171,   5.0116,   5.1062,   5.2007,   5.2953,   5.3899,   5.4844,   5.5790,   5.6735,   5.7681,   5.8626,   5.9572,   6.0518,   6.1463,   6.2409,   6.3354,   6.4300,   6.5246,   6.6191,   6.7137,   6.8082,   6.9028,   6.9973,   7.0919,   7.1865,   7.2810,   7.3756,   7.4701,   7.5647,   7.6593,   7.7538,   7.8484,   7.9429,   8.0375,   8.1321,   8.2266,   8.3212,   8.4157,   8.5103,   8.6048,   8.6994,   8.7940,   8.8885,   8.9831,   9.0776,   9.1722,   9.2668,   9.3613,   9.4559,   9.5504,   9.6450,   9.7396,   9.8341,   9.9287,  10.0232,  10.1178,  10.2123,  10.3069,  10.4015,  10.4960,  10.5906,  10.6851,  10.7797,  10.8743,  10.9688,  11.0634,  11.1579,  11.2525,  11.3471 },
	{  -0.0000,   0.1261,   0.2521,   0.3782,   0.5042,   0.6303,   0.7563,   0.8824,   1.0084,   1.1345,   1.2605,   1.3866,   1.5126,   1.6387,   1.7647,   1.8908,   2.0169,   2.1429,   2.2690,   2.3950,   2.5211,   2.6471,   2.7732,   2.8992,   3.0253,   3.1513,   3.2774,   3.4034,   3.5295,   3.6555,   3.7816,   3.9076,   4.0337,   4.1598,   4.2858,   4.4119,   4.5379,   4.6640,   4.7900,   4.9161,   5.0421,   5.1682,   5.2942,   5.4203,   5.5463,   5.6724,   5.7984,   5.9245,   6.0506,   6.1766,   6.3027,   6.4287,   6.5548,   6.6808,   6.8069,   6.9329,   7.0590,   7.1850,   7.3111,   7.4371,   7.5632,   7.6892,   7.8153,   7.9414,   8.0674,   8.1935,   8.3195,   8.4456,   8.5716,   8.6977,   8.8237,   8.9498,   9.0758,   9.2019,   9.3279,   9.4540,   9.5800,   9.7061,   9.8322,   9.9582,  10.0843,  10.2103,  10.3364,  10.4624,  10.5885,  10.7145,  10.8406,  10.9666,  11.0927,  11.2187,  11.3448,  11.4708,  11.5969,  11.7229,  11.8490,  11.9751,  12.1011,  12.2272,  12.3532,  12.4793,  12.6053,  12.7314,  12.8574,  12.9835,  13.1095,  13.2356,  13.3616,  13.4877,  13.6137,  13.7398,  13.8659,  13.9919,  14.1180,  14.2440,  14.3701,  14.4961,  14.6222,  14.7482,  14.8743,  15.0003,  15.1264 },
	{  -0.0000,   0.1575,   0.3151,   0.4726,   0.6302,   0.7877,   0.9453,   1.1028,   1.2604,   1.4179,   1.5755,   1.7330,   1.8906,   2.0481,   2.2057,   2.3632,   2.5208,   2.6783,   2.8359,   2.9934,   3.1510,   3.3085,   3.4660,   3.6236,   3.7811,   3.9387,   4.0962,   4.2538,   4.4113,   4.5689,   4.7264,   4.8840,   5.0415,   5.1991,   5.3566,   5.5142,   5.6717,   5.8293,   5.9868,   6.1444,   6.3019,   6.4595,   6.6170,   6.7745,   6.9321,   7.0896,   7.2472,   7.4047,   7.5623,   7.7198,   7.8774,   8.0349,   8.1925,   8.3500,   8.5076,   8.6651,   8.8227,   8.9802,   9.1378,   9.2953,   9.4529,   9.6104,   9.7680,   9.9255,  10.0830,  10.2406,  10.3981,  10.5557,  10.7132,  10.8708,  11.0283,  11.1859,  11.3434,  11.5010,  11.6585,  11.8161,  11.9736,  12.1312,  12.2887,  12.4463,  12.6038,  12.7614,  12.9189,  13.0765,  13.2340,  13.3916,  13.5491,  13.7066,  13.8642,  14.0217,  14.1793,  14.3368,  14.4944,  14.6519,  14.8095,  14.9670,  15.1246,  15.2821,  15.4397,  15.5972,  15.7548,  15.9123,  16.0699,  16.2274,  16.3850,  16.5425,  16.7001,  16.8576,  17.0151,  17.1727,  17.3302,  17.4878,  17.6453,  17.8029,  17.9604,  18.1180,  18.2755,  18.4331,  18.5906,  18.7482,  18.9057 },
	{  -0.0000,   0.1890,   0.3781,   0.5671,   0.7562,   0.9452,   1.1343,   1.3233,   1.5123,   1.7014,   1.8904,   2.0795,   2.2685,   2.4575,   2.6466,   2.8356,   3.0247,   3.2137,   3.4028,   3.5918,   3.7808,   3.9699,   4.1589,   4.3480,   4.5370,   4.7261,   4.9151,   5.1041,   5.2932,   5.4822,   5.6713,   5.8603,   6.0493,   6.2384,   6.4274,   6.6165,   6.8055,   6.9946,   7.1836,   7.3726,   7.5617,   7.7507,   7.9398,   8.1288,   8.3179,   8.5069,   8.6959,   8.8850,   9.0740,   9.2631,   9.4521,   9.6411,   9.8302,  10.0192,  10.2083,  10.3973,  10.5864,  10.7754,  10.9644,  11.1535,  11.3425,  11.5316,  11.7206,  11.9097,  12.0987,  12.2877,  12.4768,  12.6658,  12.8549,  13.0439,  13.2329,  13.4220,  13.6110,  13.8001,  13.9891,  14.1782,  14.3672,  14.5562,  14.7453,  14.9343,  15.1234,  15.3124,  15.5015,  15.6905,  15.8795,  16.0686,  16.2576,  16.4467,  16.6357,  16.8247,  17.0138,  17.2028,  17.3919,  17.5809,  17.7700,  17.9590,  18.1480,  18.3371,  18.5261,  18.7152,  18.9042,  19.0933,  19.2823,  19.4713,  19.6604,  19.8494,  20.0385,  20.2275,  20.4165,  20.6056,  20.7946,  20.9837,  21.1727,  21.3618,  21.5508,  21.7398,  21.9289,  22.1179,  22.3070,  22.4960,  22.6851 },
	{  -0.0000,   0.2205,   0.4411,   0.6616,   0.8821,   1.1027,   1.3232,   1.5438,   1.7643,   1.9848,   2.2054,   2.4259,   2.6464,   2.8670,   3.0875,   3.3080,   3.5286,   3.7491,   3.9697,   4.1902,   4.4107,   4.6313,   4.8518,   5.0723,   5.2929,   5.5134,   5.7339,   5.9545,   6.1750,   6.3956,   6.6161,   6.8366,   7.0572,   7.2777,   7.4982,   7.7188,   7.9393,   8.1599,   8.3804,   8.6009,   8.8215,   9.0420,   9.2625,   9.4831,   9.7036,   9.9241,  10.1447,  10.3652,  10.5858,  10.8063,  11.0268,  11.2474,  11.4679,  11.6884,  11.9090,  12.1295,  12.3500,  12.5706,  12.7911,  13.0117,  13.2322,  13.4527,  13.6733,  13.8938,  14.1143,  14.3349,  14.5554,  14.7759,  14.9965,  15.2170,  15.4376,  15.6581,  15.8786,  16.0992,  16.3197,  16.5402,  16.7608,  16.9813,  17.2018,  17.4224,  17.6429,  17.8635,  18.0840,  18.3045,  18.5251,  18.7456,  18.9661,  19.1867,  19.4072,  19.6278,  19.8483,  20.0688,  20.2894,  20.5099,  20.7304,  20.9510,  21.1715,  21.3920,  21.6126,  21.8331,  22.0537,  22.2742,  22.4947,  22.7153,  22.9358,  23.1563,  23.3769,  23.5974,  23.8179,  24.0385,  24.2590,  24.4796,  24.7001,  24.9206,  25.1412,  25.3617,  25.5822,  25.8028,  26.0233,  26.2438,  26.4644 },
	{  -0.0000,   0.2520,   0.5041,   0.7561,   1.0081,   1.2602,   1.5122,   1.7642,   2.0162,   2.2683,   2.5203,   2.7723,   3.0244,   3.2764,   3.5284,   3.7805,   4.0325,   4.2845,   4.5366,   4.7886,   5.0406,   5.2927,   5.5447,   5.7967,   6.0487,   6.3008,   6.5528,   6.8048,   7.0569,   7.3089,   7.5609,   7.8130,   8.0650,   8.3170,   8.5691,   8.8211,   9.0731,   9.3251,   9.5772,   9.8292,  10.0812,  10.3333,  10.5853,  10.8373,  11.0894,  11.3414,  11.5934,  11.8455,  12.0975,  12.3495,  12.6015,  12.8536,  13.1056,  13.3576,  13.6097,  13.8617,  14.1137,  14.3658,  14.6178,  14.8698,  15.1219,  15.3739,  15.6259,  15.8780,  16.1300,  16.3820,  16.6340,  16.8861,  17.1381,  17.3901,  17.6422,  17.8942,  18.1462,  18.3983,  18.6503,  18.9023,  19.1544,  19.4064,  19.6584,  19.9104,  20.1625,  20.4145,  20.6665,  20.9186,  21.1706,  21.4226,  21.6747,  21.9267,  22.1787,  22.4308,  22.6828,  22.9348,  23.1868,  23.4389,  23.6909,  23.9429,  24.1950,  24.4470,  24.6990,  24.9511,  25.2031,  25.4551,  25.7072,  25.9592,  26.2112,  26.4633,  26.7153,  26.9673,  27.2193,  27.4714,  27.7234,  27.9754,  28.2275,  28.4795,  28.7315,  28.9836,  29.2356,  29.4876,  29.7397,  29.9917,  30.2437 },
	{  -0.0000,   0.2835,   0.5671,   0.8506,   1.1341,   1.4176,   1.7012,   1.9847,   2.2682,   2.5517,   2.8353,   3.1188,   3.4023,   3.6858,   3.9694,   4.2529,   4.5364,   4.8199,   5.1035,   5.3870,   5.6705,   5.9540,   6.2376,   6.5211,   6.8046,   7.0881,   7.3717,   7.6552,   7.9387,   8.2222,   8.5058,   8.7893,   9.0728,   9.3563,   9.6399,   9.9234,  10.2069,  10.4904,  10.7740,  11.0575,  11.3410,  11.6245,  11.9081,  12.1916,  12.4751,  12.7586,  13.0422,  13.3257,  13.6092,  13.8927,  14.1763,  14.4598,  14.7433,  15.0268,  15.3104,  15.5939,  15.8774,  16.1609,  16.4445,  16.7280,  17.0115,  17.2950,  17.5786,  17.8621,  18.1456,  18.4292,  18.7127,  18.9962,  19.2797,  19.5633,  19.8468,  20.1303,  20.4138,  20.6974,  20.9809,  21.2644,  21.5479,  21.8315,  22.1150,  22.3985,  22.6820,  22.9656,  23.2491,  23.5326,  23.8161,  24.0997,  24.3832,  24.6667,  24.9502,  25.2338,  25.5173,  25.8008,  26.0843,  26.3679,  26.6514,  26.9349,  27.2184,  27.5020,  27.7855,  28.0690,  28.3525,  28.6361,  28.9196,  29.2031,  29.4866,  29.7702,  30.0537,  30.3372,  30.6207,  30.9043,  31.1878,  31.4713,  31.7548,  32.0384,  32.3219,  32.6054,  32.8889,  33.1725,  33.4560,  33.7395,  34.0230 },
	{  -0.0000,   0.3150,   0.6300,   0.9451,   1.2601,   1.5751,   1.8901,   2.2051,   2.5202,   2.8352,   3.1502,   3.4652,   3.7802,   4.0953,   4.4103,   4.7253,   5.0403,   5.3553,   5.6704,   5.9854,   6.3004,   6.6154,   6.9304,   7.2455,   7.5605,   7.8755,   8.1905,   8.5055,   8.8206,   9.1356,   9.4506,   9.7656,  10.0806,  10.3957,  10.7107,  11.0257,  11.3407,  11.6557,  11.9708,  12.2858,  12.6008,  12.9158,  13.2308,  13.5459,  13.8609,  14.1759,  14.4909,  14.8059,  15.1210,  15.4360,  15.7510,  16.0660,  16.3810,  16.6961,  17.0111,  17.3261,  17.6411,  17.9561,  18.2712,  18.5862,  18.9012,  19.2162,  19.5312,  19.8462,  20.1613,  20.4763,  20.7913,  21.1063,  21.4213,  21.7364,  22.0514,  22.3664,  22.6814,  22.9964,  23.3115,  23.6265,  23.9415,  24.2565,  24.5715,  24.8866,  25.2016,  25.5166,  25.8316,  26.1466,  26.4617,  26.7767,  27.0917,  27.4067,  27.7217,  28.0368,  28.3518,  28.6668,  28.9818,  29.2968,  29.6119,  29.9269,  30.2419,  30.5569,  30.8719,  31.1870,  31.5020,  31.8170,  32.1320,  32.4470,  32.7621,  33.0771,  33.3921,  33.7071,  34.0221,  34.3372,  34.6522,  34.9672,  35.2822,  35.5972,  35.9123,  36.2273,  36.5423,  36.8573,  37.1723,  37.4874,  37.8024 },
	{  -0.0000,   0.3465,   0.6930,   1.0395,   1.3861,   1.7326,   2.0791,   2.4256,   2.7721,   3.1186,   3.4651,   3.8117,   4.1582,   4.5047,   4.8512,   5.1977,   5.5442,   5.8907,   6.2373,   6.5838,   6.9303,   7.2768,   7.6233,   7.9698,   8.3163,   8.6629,   9.0094,   9.3559,   9.7024,  10.0489,  10.3954,  10.7419,  11.0885,  11.4350,  11.7815,  12.1280,  12.4745,  12.8210,  13.1675,  13.5141,  13.8606,  14.2071,  14.5536,  14.9001,  15.2466,  15.5931,  15.9397,  16.2862,  16.6327,  16.9792,  17.3257,  17.6722,  18.0187,  18.3653,  18.7118,  19.0583,  19.4048,  19.7513,  20.0978,  20.4443,  20.7909,  21.1374,  21.4839,  21.8304,  22.1769,  22.5234,  22.8699,  23.2165,  23.5630,  23.9095,  24.2560,  24.6025,  24.9490,  25.2955,  25.6421,  25.9886,  26.3351,  26.6816,  27.0281,  27.3746,  27.7211,  28.0677,  28.4142,  28.7607,  29.1072,  29.4537,  29.8002,  30.1467,  30.4933,  30.8398,  31.1863,  31.5328,  31.8793,  32.2258,  32.5723,  32.9189,  33.2654,  33.6119,  33.9584,  34.3049,  34.6514,  34.9979,  35.3445,  35.6910,  36.0375,  36.3840,  36.7305,  37.0770,  37.4235,  37.7701,  38.1166,  38.4631,  38.8096,  39.1561,  39.5026,  39.8491,  40.1957,  40.5422,  40.8887,  41.2352,  41.5817 },
	{  -0.0000,   0.3780,   0.7560,   1.1340,   1.5120,   1.8900,   2.2681,   2.6461,   3.0241,   3.4021,   3.7801,   4.1581,   4.5361,   4.9141,   5.2921,   5.6701,   6.0481,   6.4261,   6.8042,   7.1822,   7.5602,   7.9382,   8.3162,   8.6942,   9.0722,   9.4502,   9.8282,  10.2062,  10.5842,  10.9623,  11.3403,  11.7183,  12.0963,  12.4743,  12.8523,  13.2303,  13.6083,  13.9863,  14.3643,  14.7423,  15.1203,  15.4984,  15.8764,  16.2544,  16.6324,  17.0104,  17.3884,  17.7664,  18.1444,  18.5224,  18.9004,  19.2784,  19.6565,  20.0345,  20.4125,  20.7905,  21.1685,  21.5465,  21.9245,  22.3025,  22.6805,  23.0585,  23.4365,  23.8145,  24.1926,  24.5706,  24.9486,  25.3266,  25.7046,  26.0826,  26.4606,  26.8386,  27.2166,  27.5946,  27.9726,  28.3507,  28.7287,  29.1067,  29.4847,  29.8627,  30.2407,  30.6187,  30.9967,  31.3747,  31.7527,  32.1307,  32.5087,  32.8868,  33.2648,  33.6428,  34.0208,  34.3988,  34.7768,  35.1548,  35.5328,  35.9108,  36.2888,  36.6668,  37.0449,  37.4229,  37.8009,  38.1789,  38.5569,  38.9349,  39.3129,  39.6909,  40.0689,  40.4469,  40.8249,  41.2029,  41.5810,  41.9590,  42.3370,  42.7150,  43.0930,  43.4710,  43.8490,  44.2270,  44.6050,  44.9830,  45.3610 },
	{  -0.0000,   0.4095,   0.8190,   1.2285,   1.6380,   2.0475,   2.4570,   2.8665,   3.2760,   3.6855,   4.0950,   4.5045,   4.9140,   5.3235,   5.7330,   6.1425,   6.5521,   6.9616,   7.3711,   7.7806,   8.1901,   8.5996,   9.0091,   9.4186,   9.8281,  10.2376,  10.6471,  11.0566,  11.4661,  11.8756,  12.2851,  12.6946,  13.1041,  13.5136,  13.9231,  14.3326,  14.7421,  15.1516,  15.5611,  15.9706,  16.3801,  16.7896,  17.1991,  17.6086,  18.0181,  18.4276,  18.8371,  19.2466,  19.6562,  20.0657,  20.4752,  20.8847,  21.2942,  21.7037,  22.1132,  22.5227,  22.9322,  23.3417,  23.7512,  24.1607,  24.5702,  24.9797,  25.3892,  25.7987,  26.2082,  26.6177,  27.0272,  27.4367,  27.8462,  28.2557,  28.6652,  29.0747,  29.4842,  29.8937,  30.3032,  30.7127,  31.1222,  31.5317,  31.9412,  32.3507,  32.7603,  33.1698,  33.5793,  33.9888,  34.3983,  34.8078,  35.2173,  35.6268,  36.0363,  36.4458,  36.8553,  37.2648,  37.6743,  38.0838,  38.4933,  38.9028,  39.3123,  39.7218,  40.1313,  40.5408,  40.9503,  41.3598,  41.7693,  42.1788,  42.5883,  42.9978,  43.4073,  43.8168,  44.2263,  44.6358,  45.0453,  45.4548,  45.8644,  46.2739,  46.6834,  47.0929,  47.5024,  47.9119,  48.3214,  48.7309,  49.1404 },
	{  -0.0000,   0.4410,   0.8820,   1.3230,   1.7640,   2.2050,   2.6460,   3.0870,   3.5280,   3.9690,   4.4100,   4.8510,   5.2920,   5.7330,   6.1740,   6.6150,   7.0560,   7.4970,   7.9380,   8.3790,   8.8200,   9.2609,   9.7019,  10.1429,  10.5839,  11.0249,  11.4659,  11.9069,  12.3479,  12.7889,  13.2299,  13.6709,  14.1119,  14.5529,  14.9939,  15.4349,  15.8759,  16.3169,  16.7579,  17.1989,  17.6399,  18.0809,  18.5219,  18.9629,  19.4039,  19.8449,  20.2859,  20.7269,  21.1679,  21.6089,  22.0499,  22.4909,  22.9319,  23.3729,  23.8139,  24.2549,  24.6959,  25.1369,  25.5779,  26.0189,  26.4599,  26.9009,  27.3418,  27.7828,  28.2238,  28.6648,  29.1058,  29.5468,  29.9878,  30.4288,  30.8698,  31.3108,  31.7518,  32.1928,  32.6338,  33.0748,  33.5158,  33.9568,  34.3978,  34.8388,  35.2798,  35.7208,  36.1618,  36.6028,  37.0438,  37.4848,  37.9258,  38.3668,  38.8078,  39.2488,  39.6898,  40.1308,  40.5718,  41.0128,  41.4538,  41.8948,  42.3358,  42.7768,  43.2178,  43.6588,  44.0998,  44.5408,  44.9818,  45.4227,  45.8637,  46.3047,  46.7457,  47.1867,  47.6277,  48.0687,  48.5097,  48.9507,  49.3917,  49.8327,  50.2737,  50.7147,  51.1557,  51.5967,  52.0377,  52.4787,  52.9197 },
	{  -0.0000,   0.4725,   0.9450,   1.4175,   1.8900,   2.3625,   2.8350,   3.3074,   3.7799,   4.2524,   4.7249,   5.1974,   5.6699,   6.1424,   6.6149,   7.0874,   7.5599,   8.0324,   8.5049,   8.9773,   9.4498,   9.9223,  10.3948,  10.8673,  11.3398,  11.8123,  12.2848,  12.7573,  13.2298,  13.7023,  14.1748,  14.6473,  15.1197,  15.5922,  16.0647,  16.5372,  17.0097,  17.4822,  17.9547,  18.4272,  18.8997,  19.3722,  19.8447,  20.3172,  20.7896,  21.2621,  21.7346,  22.2071,  22.6796,  23.1521,  23.6246,  24.0971,  24.5696,  25.0421,  25.5146,  25.9871,  26.4596,  26.9320,  27.4045,  27.8770,  28.3495,  28.8220,  29.2945,  29.7670,  30.2395,  30.7120,  31.1845,  31.6570,  32.1295,  32.6019,  33.0744,  33.5469,  34.0194,  34.4919,  34.9644,  35.4369,  35.9094,  36.3819,  36.8544,  37.3269,  37.7994,  38.2719,  38.7443,  39.2168,  39.6893,  40.1618,  40.6343,  41.1068,  41.5793,  42.0518,  42.5243,  42.9968,  43.4693,  43.9418,  44.4142,  44.8867,  45.3592,  45.8317,  46.3042,  46.7767,  47.2492,  47.7217,  48.1942,  48.6667,  49.1392,  49.6117,  50.0842,  50.5566,  51.0291,  51.5016,  51.9741,  52.4466,  52.9191,  53.3916,  53.8641,  54.3366,  54.8091,  55.2816,  55.7541,  56.2265,  56.6990 },
	{  -0.0000,   0.5040,   1.0080,   1.5120,   2.0159,   2.5199,   3.0239,   3.5279,   4.0319,   4.5359,   5.0399,   5.5439,   6.0478,   6.5518,   7.0558,   7.5598,   8.0638,   8.5678,   9.0718,   9.5757,  10.0797,  10.5837,  11.0877,  11.5917,  12.0957,  12.5997,  13.1036,  13.6076,  14.1116,  14.6156,  15.1196,  15.6236,  16.1276,  16.6316,  17.1355,  17.6395,  18.1435,  18.6475,  19.1515,  19.6555,  20.1595,  20.6634,  21.1674,  21.6714,  22.1754,  22.6794,  23.1834,  23.6874,  24.1913,  24.6953,  25.1993,  25.7033,  26.2073,  26.7113,  27.2153,  27.7193,  28.2232,  28.7272,  29.2312,  29.7352,  30.2392,  30.7432,  31.2472,  31.7511,  32.2551,  32.7591,  33.2631,  33.7671,  34.2711,  34.7751,  35.2791,  35.7830,  36.2870,  36.7910,  37.2950,  37.7990,  38.3030,  38.8070,  39.3109,  39.8149,  40.3189,  40.8229,  41.3269,  41.8309,  42.3349,  42.8388,  43.3428,  43.8468,  44.3508,  44.8548,  45.3588,  45.8628,  46.3668,  46.8707,  47.3747,  47.8787,  48.3827,  48.8867,  49.3907,  49.8947,  50.3986,  50.9026,  51.4066,  51.9106,  52.4146,  52.9186,  53.4226,  53.9265,  54.4305,  54.9345,  55.4385,  55.9425,  56.4465,  56.9505,  57.4545,  57.9584,  58.4624,  58.9664,  59.4704,  59.9744,  60.4784 },
	{  -0.0000,   0.5355,   1.0710,   1.6064,   2.1419,   2.6774,   3.2129,   3.7484,   4.2838,   4.8193,   5.3548,   5.8903,   6.4258,   6.9613,   7.4967,   8.0322,   8.5677,   9.1032,   9.6387,  10.1741,  10.7096,  11.2451,  11.7806,  12.3161,  12.8515,  13.3870,  13.9225,  14.4580,  14.9935,  15.5289,  16.0644,  16.5999,  17.1354,  17.6709,  18.2063,  18.7418,  19.2773,  19.8128,  20.3483,  20.8838,  21.4192,  21.9547,  22.4902,  23.0257,  23.5612,  24.0966,  24.6321,  25.1676,  25.7031,  26.2386,  26.7740,  27.3095,  27.8450,  28.3805,  28.9160,  29.4514,  29.9869,  30.5224,  31.0579,  31.5934,  32.1289,  32.6643,  33.1998,  33.7353,  34.2708,  34.8063,  35.3417,  35.8772,  36.4127,  36.9482,  37.4837,  38.0191,  38.5546,  39.0901,  39.6256,  40.1611,  40.6965,  41.2320,  41.7675,  42.3030,  42.8385,  43.3740,  43.9094,  44.4449,  44.9804,  45.5159,  46.0514,  46.5868,  47.1223,  47.6578,  48.1933,  48.7288,  49.2642,  49.7997,  50.3352,  50.8707,  51.4062,  51.9416,  52.4771,  53.0126,  53.5481,  54.0836,  54.6190,  55.1545,  55.6900,  56.2255,  56.7610,  57.2965,  57.8319,  58.3674,  58.9029,  59.4384,  59.9739,  60.5093,  61.0448,  61.5803,  62.1158,  62.6513,  63.1867,  63.7222,  64.2577 },
	{  -0.0000,   0.5670,   1.1340,   1.7009,   2.2679,   2.8349,   3.4019,   3.9688,   4.5358,   5.1028,   5.6698,   6.2367,   6.8037,   7.3707,   7.9377,   8.5046,   9.0716,   9.6386,  10.2056,  10.7725,  11.3395,  11.9065,  12.4735,  13.0404,  13.6074,  14.1744,  14.7414,  15.3083,  15.8753,  16.4423,  17.0093,  17.5762,  18.1432,  18.7102,  19.2772,  19.8441,  20.4111,  20.9781,  21.5451,  22.1120,  22.6790,  23.2460,  23.8130,  24.3799,  24.9469,  25.5139,  26.0809,  26.6478,  27.2148,  27.7818,  28.3488,  28.9157,  29.4827,  30.0497,  30.6167,  31.1836,  31.7506,  32.3176,  32.8846,  33.4515,  34.0185,  34.5855,  35.1525,  35.7194,  36.2864,  36.8534,  37.4204,  37.9873,  38.5543,  39.1213,  39.6883,  40.2552,  40.8222,  41.3892,  41.9562,  42.5231,  43.0901,  43.6571,  44.2241,  44.7911,  45.3580,  45.9250,  46.4920,  47.0590,  47.6259,  48.1929,  48.7599,  49.3269,  49.8938,  50.4608,  51.0278,  51.5948,  52.1617,  52.7287,  53.2957,  53.8627,  54.4296,  54.9966,  55.5636,  56.1306,  56.6975,  57.2645,  57.8315,  58.3985,  58.9654,  59.5324,  60.0994,  60.6664,  61.2333,  61.8003,  62.3673,  62.9343,  63.5012,  64.0682,  64.6352,  65.2022,  65.7691,  66.3361,  66.9031,  67.4701,  68.0370 },
	{  -0.0000,   0.5985,   1.1969,   1.7954,   2.3939,   2.9923,   3.5908,   4.1893,   4.7878,   5.3862,   5.9847,   6.5832,   7.1816,   7.7801,   8.3786,   8.9770,   9.5755,  10.1740,  10.7725,  11.3709,  11.9694,  12.5679,  13.1663,  13.7648,  14.3633,  14.9617,  15.5602,  16.1587,  16.7572,  17.3556,  17.9541,  18.5526,  19.1510,  19.7495,  20.3480,  20.9464,  21.5449,  22.1434,  22.7419,  23.3403,  23.9388,  24.5373,  25.1357,  25.7342,  26.3327,  26.9311,  27.5296,  28.1281,  28.7265,  29.3250,  29.9235,  30.5220,  31.1204,  31.7189,  32.3174,  32.9158,  33.5143,  34.1128,  34.7112,  35.3097,  35.9082,  36.5067,  37.1051,  37.7036,  38.3021,  38.9005,  39.4990,  40.0975,  40.6959,  41.2944,  41.8929,  42.4914,  43.0898,  43.6883,  44.2868,  44.8852,  45.4837,  46.0822,  46.6806,  47.2791,  47.8776,  48.4760,  49.0745,  49.6730,  50.2715,  50.8699,  51.4684,  52.0669,  52.6653,  53.2638,  53.8623,  54.4607,  55.0592,  55.6577,  56.2562,  56.8546,  57.4531,  58.0516,  58.6500,  59.2485,  59.8470,  60.4454,  61.0439,  61.6424,  62.2409,  62.8393,  63.4378,  64.0363,  64.6347,  65.2332,  65.8317,  66.4301,  67.0286,  67.6271,  68.2256,  68.8240,  69.4225,  70.0210,  70.6194,  71.2179,  71.8164 },
	{  -0.0000,   0.6300,   1.2599,   1.8899,   2.5199,   3.1498,   3.7798,   4.4097,   5.0397,   5.6697,   6.2996,   6.9296,   7.5596,   8.1895,   8.8195,   9.4495,  10.0794,  10.7094,  11.3394,  11.9693,  12.5993,  13.2292,  13.8592,  14.4892,  15.1191,  15.7491,  16.3791,  17.0090,  17.6390,  18.2690,  18.8989,  19.5289,  20.1589,  20.7888,  21.4188,  22.0487,  22.6787,  23.3087,  23.9386,  24.5686,  25.1986,  25.8285,  26.4585,  27.0885,  27.7184,  28.3484,  28.9784,  29.6083,  30.2383,  30.8682,  31.4982,  32.1282,  32.7581,  33.3881,  34.0181,  34.6480,  35.2780,  35.9080,  36.5379,  37.1679,  37.7979,  38.4278,  39.0578,  39.6877,  40.3177,  40.9477,  41.5776,  42.2076,  42.8376,  43.4675,  44.0975,  44.7275,  45.3574,  45.9874,  46.6173,  47.2473,  47.8773,  48.5072,  49.1372,  49.7672,  50.3971,  51.0271,  51.6571,  52.2870,  52.9170,  53.5470,  54.1769,  54.8069,  55.4368,  56.0668,  56.6968,  57.3267,  57.9567,  58.5867,  59.2166,  59.8466,  60.4766,  61.1065,  61.7365,  62.3665,  62.9964,  63.6264,  64.2563,  64.8863,  65.5163,  66.1462,  66.7762,  67.4062,  68.0361,  68.6661,  69.2961,  69.9260,  70.5560,  71.1860,  71.8159,  72.4459,  73.0758,  73.7058,  74.3358,  74.9657,  75.5957 },
	{  -0.0000,   0.6615,   1.3229,   1.9844,   2.6458,   3.3073,   3.9688,   4.6302,   5.2917,   5.9531,   6.6146,   7.2760,   7.9375,   8.5990,   9.2604,   9.9219,  10.5833,  11.2448,  11.9063,  12.5677,  13.2292,  13.8906,  14.5521,  15.2135,  15.8750,  16.5365,  17.1979,  17.8594,  18.5208,  19.1823,  19.8438,  20.5052,  21.1667,  21.8281,  22.4896,  23.1511,  23.8125,  24.4740,  25.1354,  25.7969,  26.4583,  27.1198,  27.7813,  28.4427,  29.1042,  29.7656,  30.4271,  31.0886,  31.7500,  32.4115,  33.0729,  33.7344,  34.3958,  35.0573,  35.7188,  36.3802,  37.0417,  37.7031,  38.3646,  39.0261,  39.6875,  40.3490,  41.0104,  41.6719,  42.3334,  42.9948,  43.6563,  44.3177,  44.9792,  45.6406,  46.3021,  46.9636,  47.6250,  48.2865,  48.9479,  49.6094,  50.2709,  50.9323,  51.5938,  52.2552,  52.9167,  53.5781,  54.2396,  54.9011,  55.5625,  56.2240,  56.8854,  57.5469,  58.2084,  58.8698,  59.5313,  60.1927,  60.8542,  61.5157,  62.1771,  62.8386,  63.5000,  64.1615,  64.8229,  65.4844,  66.1459,  66.8073,  67.4688,  68.1302,  68.7917,  69.4532,  70.1146,  70.7761,  71.4375,  72.0990,  72.7604,  73.4219,  74.0834,  74.7448,  75.4063,  76.0677,  76.7292,  77.3907,  78.0521,  78.7136,  79.3750 },
	{   0.0000,   0.6849,   1.3697,   2.0546,   2.7394,   3.4243,   4.1092,   4.7940,   5.4789,   6.1638,   6.8487,   7.5335,   8.2184,   8.9033,   9.5882,  10.2730,  10.9579,  11.6428,  12.3277,  13.0126,  13.6974,  14.3823,  15.0672,  15.7521,  16.4369,  17.1218,  17.8067,  18.4915,  19.1764,  19.8613,  20.5461,  21.2310,  21.9158,  22.6006,  23.2855,  23.9704,  24.6552,  25.3401,  26.0250,  26.7100,  27.3949,  28.0799,  28.7649,  29.4499,  30.1349,  30.8199,  31.5050,  32.1901,  32.8752,  33.5603,  34.2454,  34.9306,  35.6158,  36.3010,  36.9862,  37.6714,  38.3567,  39.0420,  39.7273,  40.4126,  41.0980,  41.7834,  42.4689,  43.1544,  43.8399,  44.5255,  45.2112,  45.8968,  46.5826,  47.2683,  47.9542,  48.6401,  49.3261,  50.0121,  50.6982,  51.3844,  52.0707,  52.7571,  53.4435,  54.1301,  54.8168,  55.5036,  56.1905,  56.8775,  57.5647,  58.2520,  58.9395,  59.6272,  60.3150,  61.0031,  61.6913,  62.3798,  63.0686,  63.7576,  64.4469,  65.1366,  65.8266,  66.5170,  67.2079,  67.8992,  68.5911,  69.2836,  69.9767,  70.6707,  71.3656,  72.0614,  72.7584,  73.4568,  74.1569,  74.8591,  75.5638,  76.2717,  76.9836,  77.7004,  78.4228,  79.1512,  79.8904,  80.6469,  81.4418,  82.3271,  83.1546 },
	{   0.0000,   0.7009,   1.4018,   2.1027,   2.8036,   3.5045,   4.2054,   4.9063,   5.6072,   6.3080,   7.0089,   7.7097,   8.4105,   9.1113,   9.8121,  10.5128,  11.2135,  11.9143,  12.6150,  13.3157,  14.0164,  14.7173,  15.4182,  16.1191,  16.8202,  17.5213,  18.2225,  18.9238,  19.6252,  20.3266,  21.0282,  21.7298,  22.4315,  23.1334,  23.8353,  24.5374,  25.2395,  25.9418,  26.6442,  27.3467,  28.0493,  28.7521,  29.4550,  30.1581,  30.8614,  31.5648,  32.2685,  32.9723,  33.6763,  34.3805,  35.0849,  35.7896,  36.4944,  37.1996,  37.9049,  38.6106,  39.3165,  40.0227,  40.7293,  41.4361,  42.1434,  42.8510,  43.5590,  44.2674,  44.9762,  45.6855,  46.3953,  47.1056,  47.8166,  48.5281,  49.2404,  49.9533,  50.6671,  51.3817,  52.0973,  52.8140,  53.5317,  54.2507,  54.9711,  55.6930,  56.4166,  57.1422,  57.8699,  58.6000,  59.3328,  60.0688,  60.8084,  61.5522,  62.3009,  63.0553,  63.8167,  64.5866,  65.3668,  66.1599,  66.9697,  67.8018,  68.6517,  69.5071,  70.3682,  71.2353,  72.1080,  72.9840,  73.8188,  74.6129,  75.3428,  76.0670,  76.7919,  77.5167,  78.2407,  78.9657,  79.6900,  80.4140,  81.1380,  81.6251,  81.9248,  82.2267,  82.5248,  82.8172,  83.1040,  83.3851,  83.6621 },
	{   0.0000,   0.7226,   1.4453,   2.1681,   2.8912,   3.6145,   4.3380,   5.0618,   5.7858,   6.5101,   7.2346,   7.9594,   8.6844,   9.4098,  10.1354,  10.8613,  11.5876,  12.3141,  13.0411,  13.7684,  14.4960,  15.2241,  15.9525,  16.6813,  17.4105,  18.1401,  18.8700,  19.6004,  20.3313,  21.0625,  21.7941,  22.5263,  23.2588,  23.9919,  24.7255,  25.4595,  26.1941,  26.9293,  27.6650,  28.4014,  29.1384,  29.8761,  30.6146,  31.3538,  32.0939,  32.8350,  33.5770,  34.3202,  35.0645,  35.8101,  36.5568,  37.3049,  38.0544,  38.8057,  39.5589,  40.3142,  41.0720,  41.8325,  42.5962,  43.3635,  44.1350,  44.9113,  45.6934,  46.4820,  47.2781,  48.0767,  48.8756,  49.6747,  50.4741,  51.2735,  52.0731,  52.8724,  53.6713,  54.4694,  55.2663,  56.0615,  56.8545,  57.6449,  58.4362,  59.2299,  60.0263,  60.8265,  61.6315,  62.4412,  63.2544,  64.0712,  64.8906,  65.7048,  66.5100,  67.2794,  68.0354,  68.7917,  69.5474,  70.3046,  71.0602,  71.8159,  72.5696,  73.3290,  74.0813,  74.8396,  75.5964,  76.3520,  77.1056,  77.8619,  78.5356,  78.8570,  79.1615,  79.4592,  79.7528,  80.0428,  80.3289,  80.6107,  80.8883,  81.1622,  81.4321,  81.6991,  81.9641,  82.2273,  82.4841,  82.7360,  83.1356 },
	{   0.0000,   0.7865,   1.5732,   2.3600,   3.1471,   3.9348,   4.7232,   5.5121,   6.2996,   7.0870,   7.8745,   8.6622,   9.4488,  10.2365,  11.0248,  11.8114,  12.5989,  13.3869,  14.1735,  14.9615,  15.7497,  16.5363,  17.3234,  18.1123,  18.8978,  19.6864,  20.4744,  21.2607,  22.0478,  22.8360,  23.6237,  24.4116,  25.1981,  25.9853,  26.7730,  27.5609,  28.3486,  29.1361,  29.9226,  30.7104,  31.4980,  32.2856,  33.0731,  33.8605,  34.6478,  35.4353,  36.2227,  37.0101,  37.7976,  38.5849,  39.3724,  40.1598,  40.9473,  41.7347,  42.5223,  43.3097,  44.0993,  44.8964,  45.6892,  46.4795,  47.2669,  48.0443,  48.8199,  49.5965,  50.3775,  51.1580,  51.9383,  52.7187,  53.4994,  54.2807,  55.0628,  55.8458,  56.6300,  57.4158,  58.2033,  58.9932,  59.7869,  60.5856,  61.3877,  62.1913,  62.9957,  63.7835,  64.5710,  65.3586,  66.1458,  66.9334,  67.7207,  68.5082,  69.2955,  70.0830,  70.8706,  71.6584,  72.4454,  73.2341,  74.0205,  74.8081,  75.5942,  76.1705,  76.5395,  76.8522,  77.1430,  77.4234,  77.6984,  77.9702,  78.2392,  78.5053,  78.7686,  79.0290,  79.2869,  79.5421,  79.7952,  80.0466,  80.2967,  80.5457,  80.7907,  81.0319,  81.2719,  81.8386,  83.5031,  85.1872,  86.8910 },
	{  -0.0000,   0.8191,   1.6381,   2.4570,   3.2758,   4.0947,   4.9138,   5.7327,   6.5515,   7.3706,   8.1893,   9.0084,   9.8274,  10.6463,  11.4652,  12.2842,  13.1029,  13.9221,  14.7412,  15.5600,  16.3788,  17.1979,  18.0168,  18.8360,  19.6545,  20.4736,  21.2929,  22.1115,  22.9303,  23.7494,  24.5684,  25.3875,  26.2063,  27.0250,  27.8440,  28.6632,  29.4821,  30.3011,  31.1201,  31.9395,  32.7579,  33.5765,  34.3956,  35.2146,  36.0336,  36.8525,  37.6716,  38.4911,  39.3098,  40.1282,  40.9471,  41.7662,  42.5852,  43.4043,  44.2232,  45.0422,  45.8612,  46.6798,  47.4989,  48.3178,  49.1368,  49.9560,  50.7754,  51.5948,  52.4970,  53.3536,  54.1683,  54.9740,  55.7772,  56.5795,  57.3818,  58.1846,  58.9884,  59.7932,  60.5978,  61.4044,  62.2158,  63.0375,  63.8768,  64.6967,  65.5163,  66.3352,  67.1541,  67.9731,  68.7917,  69.6107,  70.4293,  71.2480,  72.0673,  72.8861,  73.7005,  74.1669,  74.5882,  74.9377,  75.2305,  75.4983,  75.7543,  76.0046,  76.2523,  76.4984,  76.7430,  76.9860,  77.2275,  77.4677,  77.7064,  77.9438,  78.1803,  78.4160,  78.6511,  78.8858,  79.1184,  79.3481,  79.5768,  79.8050,  80.5341,  82.1700,  83.8257,  85.5010,  87.1959,  88.9106,  90.6449 },
	{  -0.0000,   0.8506,   1.7012,   2.5516,   3.4020,   4.2524,   5.1027,   5.9530,   6.8038,   7.6540,   8.5045,   9.3549,  10.2052,  11.0560,  11.9061,  12.7567,  13.6069,  14.4577,  15.3081,  16.1585,  17.0092,  17.8595,  18.7097,  19.5602,  20.4110,  21.2613,  22.1115,  22.9623,  23.8125,  24.6630,  25.5134,  26.3637,  27.2143,  28.0647,  28.9153,  29.7660,  30.6164,  31.4666,  32.3175,  33.1682,  34.0178,  34.8679,  35.7185,  36.5691,  37.4195,  38.2700,  39.1205,  39.9714,  40.8212,  41.6718,  42.5222,  43.3726,  44.2241,  45.0745,  45.9249,  46.7752,  47.6257,  48.4771,  49.3265,  50.1763,  51.0280,  51.8773,  52.7294,  53.5811,  54.5007,  55.4250,  56.3100,  57.1573,  57.9910,  58.8179,  59.6409,  60.4629,  61.2855,  62.1083,  62.9302,  63.7542,  64.5819,  65.4701,  66.3346,  67.1851,  68.0361,  68.8863,  69.7366,  70.5869,  71.4163,  72.1417,  72.6150,  73.0357,  73.4094,  73.6956,  73.9423,  74.1712,  74.3927,  74.6118,  74.8306,  75.0497,  75.2691,  75.4886,  75.7081,  75.9278,  76.1473,  76.3667,  76.5863,  76.8061,  77.0260,  77.2463,  77.4660,  77.6838,  77.9009,  78.1179,  78.3350,  79.2219,  80.8294,  82.4565,  84.1033,  85.7698,  87.4559,  89.1618,  90.8872,  92.6324,  94.3972 },
	{   0.0000,   0.8822,   1.7643,   2.6462,   3.5280,   4.4098,   5.2917,   6.1735,   7.0557,   7.9375,   8.8194,   9.7014,  10.5831,  11.4655,  12.3469,  13.2293,  14.1108,  14.9932,  15.8751,  16.7569,  17.6390,  18.5209,  19.4027,  20.2847,  21.1669,  22.0487,  22.9305,  23.8127,  24.6944,  25.5764,  26.4583,  27.3401,  28.2222,  29.1042,  29.9863,  30.8684,  31.7502,  32.6320,  33.5141,  34.3960,  35.2777,  36.1596,  37.0414,  37.9234,  38.8054,  39.6874,  40.5694,  41.4513,  42.3331,  43.2154,  44.0979,  44.9819,  45.8628,  46.7445,  47.6263,  48.5080,  49.3898,  50.2728,  51.1537,  52.0346,  52.9185,  53.7987,  54.6826,  55.5658,  56.4951,  57.4396,  58.3597,  59.2539,  60.1355,  60.9957,  61.8444,  62.6886,  63.5319,  64.3720,  65.2275,  66.1295,  67.0237,  67.9094,  68.7917,  69.6735,  70.5366,  71.1844,  71.5509,  71.9313,  72.2606,  72.4994,  72.7013,  72.8886,  73.0718,  73.2558,  73.4424,  73.6319,  73.8239,  74.0182,  74.2144,  74.4123,  74.6117,  74.8123,  75.0143,  75.2174,  75.4217,  75.6271,  75.8333,  76.0387,  76.2439,  76.4494,  76.6554,  76.8621,  77.9021,  79.4811,  81.0798,  82.6981,  84.3361,  85.9937,  87.6711,  89.3680,  91.0847,  92.8210,  94.5770,  96.3527,  98.1480 },
	{  -0.0000,   0.9135,   1.8271,   2.7405,   3.6539,   4.5674,   5.4806,   6.3940,   7.3076,   8.2210,   9.1344,  10.0478,  10.9613,  11.8746,  12.7883,  13.7013,  14.6150,  15.5286,  16.4419,  17.3553,  18.2690,  19.1823,  20.0956,  21.0091,  21.9226,  22.8360,  23.7496,  24.6628,  25.5765,  26.4898,  27.4032,  28.3166,  29.2300,  30.1434,  31.0568,  31.9702,  32.8837,  33.7971,  34.7104,  35.6236,  36.5360,  37.4520,  38.3659,  39.2794,  40.1927,  41.1074,  42.0190,  42.9351,  43.8468,  44.7604,  45.6750,  46.5909,  47.5008,  48.4140,  49.3273,  50.2405,  51.1537,  52.0680,  52.9804,  53.8930,  54.8085,  55.7199,  56.6353,  57.5487,  58.4888,  59.4362,  60.3780,  61.3037,  62.2062,  63.0974,  63.9790,  64.8522,  65.7676,  66.6811,  67.5943,  68.5082,  69.4215,  70.2384,  70.5392,  70.8632,  71.1749,  71.3757,  71.5303,  71.6700,  71.8081,  71.9506,  72.0995,  72.2548,  72.4157,  72.5817,  72.7519,  72.9260,  73.1033,  73.2836,  73.4665,  73.6519,  73.8395,  74.0292,  74.2209,  74.4132,  74.6059,  74.7994,  74.9940,  75.1897,  75.3865,  76.5748,  78.1253,  79.6955,  81.2853,  82.8948,  84.5239,  86.1728,  87.8413,  89.5294,  91.2373,  92.9648,  94.7119,  96.4788,  98.2653, 100.0715, 101.8973 },
	{   0.0000,   0.9450,   1.8899,   2.8348,   3.7798,   4.7248,   5.6696,   6.6145,   7.5593,   8.5043,   9.4494,  10.3941,  11.3396,  12.2837,  13.2293,  14.1737,  15.1192,  16.0637,  17.0088,  17.9537,  18.8986,  19.8435,  20.7885,  21.7335,  22.6783,  23.6232,  24.5681,  25.5130,  26.4579,  27.4028,  28.3477,  29.2927,  30.2376,  31.1825,  32.1273,  33.0722,  34.0170,  34.9617,  35.9063,  36.8505,  37.7906,  38.7432,  39.6920,  40.6366,  41.5813,  42.5281,  43.4692,  44.4176,  45.3596,  46.3044,  47.2507,  48.1984,  49.1384,  50.0830,  51.0277,  51.9724,  52.9173,  53.8627,  54.8068,  55.7515,  56.6976,  57.6413,  58.5867,  59.5316,  60.4823,  61.4314,  62.3761,  63.3168,  64.2558,  65.2006,  66.1457,  67.0905,  68.0357,  68.9562,  69.5135,  69.8148,  70.1363,  70.3393,  70.4512,  70.5372,  70.6215,  70.7136,  70.8167,  70.9308,  71.0550,  71.1877,  71.3280,  71.4748,  71.6272,  71.7846,  71.9465,  72.1123,  72.2818,  72.4546,  72.6303,  72.8084,  72.9878,  73.1686,  73.3511,  73.5352,  73.7210,  73.9083,  75.2399,  76.7619,  78.3036,  79.8649,  81.4459,  83.0466,  84.6669,  86.3069,  87.9666,  89.6459,  91.3450,  93.0636,  94.8020,  96.5600,  98.3377, 100.1350, 101.9520, 103.7887, 105.6451 },
	{  -0.0000,   1.1044,   2.1872,   3.2206,   4.1659,   5.0887,   6.0139,   6.9426,   7.8756,   8.8132,   9.7645,  10.7404,  11.7177,  12.6932,  13.6704,  14.6465,  15.6229,  16.5991,  17.5758,  18.5521,  19.5284,  20.5049,  21.4812,  22.4577,  23.4341,  24.4106,  25.3870,  26.3634,  27.3398,  28.3161,  29.2925,  30.2690,  31.2454,  32.2218,  33.1982,  34.1744,  35.1506,  36.1268,  37.1028,  38.0781,  39.0488,  40.0342,  41.0167,  41.9925,  42.9687,  43.9465,  44.9186,  45.8981,  46.8716,  47.8476,  48.8245,  49.8039,  50.7756,  51.7518,  52.7280,  53.7042,  54.6805,  55.6569,  56.6333,  57.6097,  58.5862,  59.5627,  60.5393,  61.5154,  62.4919,  63.4684,  64.4448,  65.4212,  66.3977,  67.3740,  68.3504,  68.7718,  69.0594,  69.3534,  69.4685,  69.5082,  69.5332,  69.5651,  69.6119,  69.6754,  69.7544,  69.8471,  69.9516,  70.0663,  70.1897,  70.3208,  70.4587,  70.6025,  70.7517,  70.9056,  71.0638,  71.2259,  71.3908,  71.5580,  71.7275,  71.8993,  72.0734,  72.2495,  72.4278,  73.8974,  75.3909,  76.9041,  78.4369,  79.9894,  81.5616,  83.1535,  84.7650,  86.3962,  88.0470,  89.7175,  91.4077,  93.1176,  94.8471,  96.5963,  98.3652, 100.1537, 101.9619, 103.7898, 105.6373, 107.5045, 109.3913 },
	{  -0.0000,   1.1897,   2.3687,   3.5248,   4.6400,   5.6834,   6.6220,   7.5489,   8.4796,   9.4148,  10.3552,  11.3011,  12.2529,  13.2114,  14.1779,  15.1530,  16.1365,  17.1349,  18.1429,  19.1507,  20.1585,  21.1665,  22.1744,  23.1823,  24.1902,  25.1982,  26.2061,  27.2140,  28.2219,  29.2297,  30.2376,  31.2455,  32.2534,  33.2613,  34.2692,  35.2769,  36.2846,  37.2922,  38.2997,  39.3064,  40.3087,  41.3256,  42.3402,  43.3472,  44.3546,  45.3634,  46.3672,  47.3771,  48.3824,  49.3899,  50.3975,  51.4060,  52.4126,  53.4206,  54.4282,  55.4360,  56.4443,  57.4522,  58.4601,  59.4682,  60.4762,  61.4841,  62.4920,  63.4999,  64.5076,  65.5139,  66.4192,  67.2691,  67.9067,  68.2565,  68.5426,  68.5870,  68.5578,  68.5229,  68.5033,  68.5054,  68.5293,  68.5730,  68.6341,  68.7100,  68.7989,  68.8990,  69.0089,  69.1273,  69.2532,  69.3859,  69.5245,  69.6684,  69.8170,  69.9691,  70.1245,  70.2829,  70.4444,  70.6087,  70.7756,  71.1020,  72.5473,  74.0123,  75.4970,  77.0014,  78.5254,  80.0691,  81.6324,  83.2155,  84.8182,  86.4405,  88.0825,  89.7442,  91.4256,  93.1266,  94.8473,  96.5877,  98.3477, 100.1275, 101.9268, 103.7459, 105.5846, 107.4430, 109.3210, 111.2187, 113.1361 },
	{  -0.0000,   1.2487,   2.4906,   3.7182,   4.9212,   6.0844,   7.1802,   8.1558,   9.0846,  10.0174,  10.9553,  11.8988,  12.8484,  13.8051,  14.7705,  15.7455,  16.7292,  17.7224,  18.7295,  19.7590,  20.7957,  21.8317,  22.8690,  23.9070,  24.9464,  25.9858,  27.0252,  28.0646,  29.1040,  30.1434,  31.1827,  32.2222,  33.2616,  34.3009,  35.3403,  36.3796,  37.4187,  38.4579,  39.4970,  40.5352,  41.5696,  42.6172,  43.6626,  44.7009,  45.7393,  46.7792,  47.8151,  48.8548,  49.8927,  50.9322,  51.9716,  53.0110,  54.0503,  55.0899,  56.1293,  57.1688,  58.2081,  59.2476,  60.2871,  61.3206,  62.3208,  63.3048,  64.2695,  65.2083,  66.1079,  66.9365,  67.4153,  67.7332,  67.7174,  67.6157,  67.5165,  67.4419,  67.3968,  67.3799,  67.3878,  67.4170,  67.4644,  67.5274,  67.6041,  67.6926,  67.7915,  67.8996,  68.0159,  68.1392,  68.2690,  68.4043,  68.5439,  68.6877,  68.8353,  68.9867,  69.1414,  69.2992,  69.7728,  71.1896,  72.6262,  74.0824,  75.5582,  77.0537,  78.5689,  80.1038,  81.6583,  83.2326,  84.8264,  86.4400,  88.0732,  89.7260,  91.3986,  93.0908,  94.8027,  96.5342,  98.2854, 100.0563, 101.8469, 103.6571, 105.4870, 107.3365, 109.2058, 111.0946, 113.0032, 114.9314, 116.8793 },
	{  -0.0000,   1.2955,   2.5864,   3.8671,   5.1312,   6.3691,   7.5656,   8.6924,   9.6902,  10.6209,  11.5563,  12.4972,  13.4445,  14.3993,  15.3630,  16.3368,  17.3211,  18.3137,  19.3274,  20.3731,  21.4393,  22.5090,  23.5805,  24.6459,  25.7085,  26.7739,  27.8473,  28.9217,  29.9863,  31.0570,  32.1279,  33.1988,  34.2697,  35.3406,  36.4115,  37.4823,  38.5531,  39.6238,  40.6945,  41.7646,  42.8311,  43.9089,  44.9841,  46.0538,  47.1234,  48.1938,  49.2628,  50.3337,  51.4045,  52.4755,  53.5465,  54.6174,  55.6883,  56.7593,  57.8301,  58.8954,  59.9457,  60.9805,  61.9969,  62.9937,  63.9679,  64.9121,  65.8103,  66.5419,  66.9519,  66.8920,  66.7029,  66.5279,  66.3906,  66.2933,  66.2322,  66.2020,  66.1978,  66.2158,  66.2527,  66.3058,  66.3729,  66.4523,  66.5425,  66.6423,  66.7505,  66.8662,  66.9882,  67.1155,  67.2479,  67.3850,  67.5263,  67.6716,  67.8205,  68.4360,  69.8244,  71.2324,  72.6601,  74.1075,  75.5745,  77.0612,  78.5676,  80.0937,  81.6394,  83.2048,  84.7898,  86.3945,  88.0189,  89.6630,  91.3267,  93.0101,  94.7131,  96.4358,  98.1782,  99.9403, 101.7220, 103.5234, 105.3445, 107.1852, 109.0456, 110.9257, 112.8254, 114.7448, 116.6839, 118.6426, 120.6210 },
	{  -0.0000,   1.3350,   2.6665,   3.9907,   5.3026,   6.5960,   7.8611,   9.0814,  10.2253,  11.2253,  12.1583,  13.0966,  14.0413,  14.9939,  15.9555,  16.9277,  17.9115,  18.9056,  19.9260,  20.9878,  22.0810,  23.1817,  24.2854,  25.3810,  26.4709,  27.5636,  28.6708,  29.7821,  30.8702,  31.9703,  33.0728,  34.1755,  35.2842,  36.3809,  37.4824,  38.5856,  39.6874,  40.7899,  41.8922,  42.9942,  44.0933,  45.2006,  46.3049,  47.4060,  48.5072,  49.6092,  50.7117,  51.8141,  52.9166,  54.0190,  55.1214,  56.2239,  57.3263,  58.4295,  59.5308,  60.6118,  61.6558,  62.6752,  63.6668,  64.6232,  65.5238,  66.1459,  66.1543,  65.8514,  65.5785,  65.3635,  65.2042,  65.0926,  65.0203,  64.9801,  64.9667,  64.9760,  65.0047,  65.0499,  65.1097,  65.1820,  65.2653,  65.3584,  65.4601,  65.5690,  65.6842,  65.8054,  65.9319,  66.0634,  66.1994,  66.3395,  67.0917,  68.4515,  69.8311,  71.2303,  72.6492,  74.0877,  75.5459,  77.0238,  78.5214,  80.0386,  81.5755,  83.1320,  84.7083,  86.3042,  87.9197,  89.5550,  91.2099,  92.8844,  94.5787,  96.2926,  98.0261,  99.7794, 101.5523, 103.3448, 105.1571, 106.9890, 108.8406, 110.7118, 112.6027, 114.5133, 116.4435, 118.3935, 120.3630, 122.3523, 124.3612 },
	{  -0.0000,   1.3699,   2.7369,   4.0978,   5.4493,   6.7874,   8.1050,   9.3915,  10.6280,  11.7759,  12.7611,  13.6968,  14.6389,  15.5889,  16.5482,  17.5184,  18.5012,  19.4983,  20.5247,  21.6016,  22.7201,  23.8519,  24.9865,  26.1136,  27.2324,  28.3542,  29.4933,  30.6383,  31.7552,  32.8835,  34.0175,  35.1521,  36.2959,  37.4230,  38.5530,  39.6861,  40.8213,  41.9552,  43.0891,  44.2230,  45.3570,  46.4917,  47.6251,  48.7587,  49.8931,  51.0267,  52.1606,  53.2945,  54.4283,  55.5624,  56.6964,  57.8304,  58.9644,  60.0992,  61.2318,  62.3277,  63.3555,  64.3372,  65.2453,  65.5565,  65.1043,  64.6975,  64.3792,  64.1376,  63.9625,  63.8405,  63.7602,  63.7136,  63.6946,  63.6985,  63.7219,  63.7619,  63.8165,  63.8837,  63.9619,  64.0499,  64.1460,  64.2495,  64.3597,  64.4760,  64.5978,  64.7247,  64.8563,  65.7397,  67.0711,  68.4222,  69.7929,  71.1833,  72.5933,  74.0231,  75.4725,  76.9415,  78.4302,  79.9386,  81.4667,  83.0145,  84.5819,  86.1689,  87.7757,  89.4021,  91.0481,  92.7139,  94.3993,  96.1044,  97.8291,  99.5735, 101.3376, 103.1214, 104.9248, 106.7479, 108.5906, 110.4530, 112.3351, 114.2369, 116.1583, 118.0994, 120.0602, 122.0406, 124.0407, 126.0605, 128.0999 },
	{  -0.0000,   1.4020,   2.8015,   4.1957,   5.5817,   6.9560,   8.3149,   9.6527,  10.9556,  12.2004,  13.3371,  14.2981,  15.2374,  16.1846,  17.1411,  18.1090,  19.0903,  20.0901,  21.1234,  22.2143,  23.3572,  24.5201,  25.6852,  26.8442,  27.9926,  29.1436,  30.3141,  31.4905,  32.6400,  33.7967,  34.9622,  36.1288,  37.3044,  38.4652,  39.6236,  40.7857,  41.9533,  43.1254,  44.2864,  45.4516,  46.6169,  47.7824,  48.9478,  50.1132,  51.2786,  52.4441,  53.6095,  54.7749,  55.9405,  57.1058,  58.2712,  59.4366,  60.6021,  61.7677,  62.9329,  64.0375,  64.9581,  64.5224,  63.8938,  63.4292,  63.0902,  62.8439,  62.6671,  62.5432,  62.4609,  62.4118,  62.3899,  62.3908,  62.4109,  62.4476,  62.4985,  62.5619,  62.6362,  62.7198,  62.8117,  62.9110,  63.0172,  63.1296,  63.2477,  63.3709,  64.3802,  65.6831,  67.0057,  68.3479,  69.7098,  71.0914,  72.4926,  73.9135,  75.3541,  76.8143,  78.2942,  79.7938,  81.3130,  82.8520,  84.4105,  85.9888,  87.5867,  89.2043,  90.8415,  92.4985,  94.1750,  95.8713,  97.5872,  99.3228, 101.0781, 102.8530, 104.6476, 106.4619, 108.2958, 110.1494, 112.0226, 113.9156, 115.8282, 117.7605, 119.7124, 121.6840, 123.6753, 125.6862, 127.7168, 129.7671, 131.8371 },
	{  -0.0000,   1.4318,   2.8613,   4.2863,   5.7042,   7.1119,   8.5058,   9.8816,  11.2347,  12.5490,  13.7931,  14.8964,  15.8369,  16.7809,  17.7345,  18.6997,  19.6791,  20.6808,  21.7213,  22.8256,  23.9923,  25.1864,  26.3819,  27.5719,  28.7507,  29.9317,  31.1332,  32.3404,  33.5239,  34.7099,  35.9068,  37.1052,  38.3111,  39.5057,  40.6944,  41.8864,  43.0858,  44.2867,  45.4831,  46.6800,  47.8769,  49.0738,  50.2707,  51.4677,  52.6646,  53.8615,  55.0584,  56.2558,  57.4524,  58.6492,  59.8461,  61.0404,  62.2302,  63.4173,  64.0336,  63.1637,  62.5399,  62.0872,  61.7558,  61.5140,  61.3394,  61.2161,  61.1333,  61.0832,  61.0598,  61.0589,  61.0769,  61.1112,  61.1595,  61.2201,  61.2910,  61.3712,  61.4599,  61.5560,  61.6591,  61.7684,  61.8834,  63.0131,  64.2875,  65.5816,  66.8953,  68.2287,  69.5818,  70.9545,  72.3470,  73.7590,  75.1908,  76.6422,  78.1133,  79.6040,  81.1145,  82.6446,  84.1943,  85.7637,  87.3528,  88.9616,  90.5900,  92.2381,  93.9059,  95.5933,  97.3004,  99.0272, 100.7736, 102.5397, 104.3255, 106.1309, 107.9560, 109.8008, 111.6653, 113.5494, 115.4532, 117.3766, 119.3197, 121.2825, 123.2650, 125.2671, 127.2889, 129.3303, 131.3914, 133.4722, 135.5727 },
	{  -0.0000,   1.4595,   2.9172,   4.3709,   5.8185,   7.2573,   8.6839,  10.0944,  11.4836,  12.8473,  14.1671,  15.3977,  16.4374,  17.3782,  18.3285,  19.2906,  20.2677,  21.2702,  22.3178,  23.4354,  24.6256,  25.8502,  27.0762,  28.2973,  29.5072,  30.7191,  31.9510,  33.1889,  34.4060,  35.6231,  36.8516,  38.0813,  39.3167,  40.5438,  41.7654,  42.9884,  44.2200,  45.4471,  46.6805,  47.9086,  49.1368,  50.3652,  51.5903,  52.8161,  54.0473,  55.2712,  56.4982,  57.7365,  58.9639,  60.1926,  61.4203,  62.1696,  62.3041,  61.7052,  61.1507,  60.7155,  60.3938,  60.1576,  59.9859,  59.8641,  59.7818,  59.7315,  59.7076,  59.7057,  59.7224,  59.7551,  59.8016,  59.8598,  59.9284,  60.0063,  60.0925,  60.1863,  60.2869,  60.4122,  61.6384,  62.8843,  64.1499,  65.4352,  66.7401,  68.0647,  69.4089,  70.7728,  72.1564,  73.5597,  74.9826,  76.4252,  77.8875,  79.3694,  80.8710,  82.3923,  83.9332,  85.4938,  87.0741,  88.6740,  90.2936,  91.9329,  93.5918,  95.2704,  96.9687,  98.6867, 100.4243, 102.1816, 103.9585, 105.7551, 107.5714, 109.4074, 111.2630, 113.1383, 115.0332, 116.9479, 118.8821, 120.8361, 122.8097, 124.8030, 126.8160, 128.8486, 130.9009, 132.9729, 135.0645, 137.1758, 139.3068 },
	{  -0.0000,   1.4856,   2.9696,   4.4502,   5.9256,   7.3933,   8.8506,  10.2938,  11.7179,  13.1171,  14.4870,  15.8046,  17.0010,  17.9765,  18.9232,  19.8819,  20.8561,  21.8585,  22.9125,  24.0431,  25.2571,  26.5117,  27.7685,  29.0208,  30.2625,  31.5057,  32.7677,  34.0364,  35.2865,  36.5364,  37.7964,  39.0573,  40.3212,  41.5793,  42.8368,  44.0928,  45.3554,  46.6110,  47.8773,  49.1368,  50.3967,  51.6461,  52.8128,  54.0051,  55.2197,  56.4455,  57.6727,  58.8482,  59.8180,  60.3885,  60.5433,  60.1255,  59.6762,  59.3004,  59.0017,  58.7747,  58.6082,  58.4896,  58.4093,  58.3600,  58.3364,  58.3342,  58.3503,  58.3821,  58.4270,  58.4836,  58.5506,  58.6267,  58.7112,  58.8032,  59.0584,  60.2561,  61.4736,  62.7106,  63.9674,  65.2438,  66.5399,  67.8557,  69.1911,  70.5462,  71.9210,  73.3154,  74.7295,  76.1633,  77.6167,  79.0899,  80.5826,  82.0951,  83.6272,  85.1790,  86.7504,  88.3415,  89.9523,  91.5828,  93.2329,  94.9027,  96.5921,  98.3012, 100.0300, 101.7785, 103.5466, 105.3344, 107.1419, 108.9690, 110.8158, 112.6823, 114.5684, 116.4742, 118.3997, 120.3448, 122.3096, 124.2941, 126.2982, 128.3220, 130.3655, 132.4287, 134.5115, 136.6140, 138.7361, 140.8779, 143.0394 },
	{  -0.0000,   1.5102,   3.0190,   4.5249,   6.0263,   7.5212,   9.0071,  10.4809,  11.9382,  13.3730,  14.7782,  16.1500,  17.4535,  18.5758,  19.5189,  20.4737,  21.4445,  22.4456,  23.5043,  24.6483,  25.8867,  27.1714,  28.4591,  29.7427,  31.0169,  32.2918,  33.5838,  34.8832,  36.1652,  37.4499,  38.7415,  40.0335,  41.3253,  42.6168,  43.9078,  45.1997,  46.4910,  47.7823,  49.0738,  50.3609,  51.5288,  52.6945,  53.8941,  55.0911,  56.2105,  57.2427,  58.0187,  58.6308,  58.7805,  58.4973,  58.1335,  57.8192,  57.5633,  57.3600,  57.2046,  57.0918,  57.0153,  56.9685,  56.9464,  56.9451,  56.9615,  56.9929,  57.0372,  57.0931,  57.1590,  57.2341,  57.3174,  57.6970,  58.8663,  60.0552,  61.2638,  62.4921,  63.7400,  65.0076,  66.2949,  67.6018,  68.9284,  70.2747,  71.6407,  73.0263,  74.4316,  75.8565,  77.3011,  78.7654,  80.2494,  81.7530,  83.2763,  84.8192,  86.3819,  87.9641,  89.5661,  91.1877,  92.8290,  94.4900,  96.1706,  97.8709,  99.5909, 101.3305, 103.0898, 104.8688, 106.6674, 108.4858, 110.3237, 112.1814, 114.0587, 115.9557, 117.8723, 119.8086, 121.7646, 123.7403, 125.7356, 127.7506, 129.7852, 131.8395, 133.9135, 136.0072, 138.1205, 140.2535, 142.4062, 144.5785, 146.7705 },
	{  -0.0000,   1.5334,   3.0656,   4.5954,   6.1213,   7.6417,   9.1545,  10.6569,  12.1453,  13.6143,  15.0565,  16.4628,  17.8314,  19.0994,  20.1157,  21.0662,  22.0331,  23.0315,  24.0932,  25.2508,  26.5146,  27.8295,  29.1483,  30.4634,  31.7703,  33.0774,  34.3994,  35.7291,  37.0430,  38.3638,  39.6868,  41.0100,  42.3311,  43.6561,  44.9792,  46.3020,  47.6249,  48.9478,  50.1968,  51.3648,  52.5540,  53.6494,  54.6794,  55.5775,  56.2848,  56.9057,  57.0509,  56.8636,  56.5714,  56.3054,  56.0862,  55.9112,  55.7753,  55.6738,  55.6028,  55.5592,  55.5395,  55.5399,  55.5572,  55.5890,  55.6335,  55.6892,  55.7549,  55.8295,  56.3281,  57.4688,  58.6293,  59.8094,  61.0092,  62.2286,  63.4677,  64.7265,  66.0050,  67.3031,  68.6209,  69.9583,  71.3154,  72.6922,  74.0887,  75.5048,  76.9406,  78.3961,  79.8712,  81.3660,  82.8805,  84.4146,  85.9684,  87.5419,  89.1350,  90.7478,  92.3803,  94.0324,  95.7042,  97.3957,  99.1069, 100.8377, 102.5882, 104.3583, 106.1481, 107.9576, 109.7868, 111.6356, 113.5041, 115.3922, 117.3000, 119.2275, 121.1747, 123.1415, 125.1280, 127.1342, 129.1600, 131.2055, 133.2707, 135.3555, 137.4600, 139.5842, 141.7280, 143.8915, 146.0747, 148.2776, 150.5001 },
	{  -0.0000,   1.5554,   3.1098,   4.6622,   6.2113,   7.7556,   9.2936,  10.8228,  12.3402,  13.8412,  15.3193,  16.7648,  18.1664,  19.5231,  20.7099,  21.6598,  22.6221,  23.6165,  24.6791,  25.8502,  27.1406,  28.4862,  29.8361,  31.1829,  32.5227,  33.8628,  35.2152,  36.5731,  37.9235,  39.2779,  40.6325,  41.9868,  43.3412,  44.6956,  46.0500,  47.4044,  48.7479,  50.0144,  51.1993,  52.1803,  53.1134,  53.9136,  54.5859,  55.1970,  55.3540,  55.2339,  55.0060,  54.7817,  54.5922,  54.4398,  54.3215,  54.2336,  54.1724,  54.1349,  54.1186,  54.1208,  54.1393,  54.1721,  54.2173,  54.2735,  54.3394,  54.9515,  56.0638,  57.1958,  58.3474,  59.5187,  60.7096,  61.9202,  63.1505,  64.4005,  65.6701,  66.9594,  68.2684,  69.5970,  70.9453,  72.3133,  73.7009,  75.1082,  76.5352,  77.9818,  79.4481,  80.9341,  82.4398,  83.9651,  85.5100,  87.0747,  88.6590,  90.2630,  91.8866,  93.5300,  95.1929,  96.8756,  98.5779, 100.2999, 102.0416, 103.8029, 105.5839, 107.3846, 109.2049, 111.0449, 112.9045, 114.7839, 116.6829, 118.6015, 120.5399, 122.4979, 124.4756, 126.4729, 128.4899, 130.5266, 132.5829, 134.6589, 136.7546, 138.8700, 141.0050, 143.1597, 145.3340, 147.5281, 149.7417, 151.9751, 154.2281 },
	{  -0.0000,   1.5763,   3.1518,   4.7255,   6.2965,   7.8635,   9.4252,  10.9795,  12.5240,  14.0548,  15.5665,  17.0505,  18.4938,  19.8841,  21.2092,  22.2547,  23.2116,  24.2006,  25.2619,  26.4463,  27.7649,  29.1418,  30.5227,  31.9012,  33.2734,  34.6480,  36.0330,  37.4136,  38.8057,  40.1914,  41.5773,  42.9632,  44.3491,  45.7350,  47.1209,  48.5068,  49.8348,  50.7115,  51.5543,  52.2743,  52.9119,  53.5081,  53.6855,  53.6105,  53.4405,  53.2535,  53.0897,  52.9567,  52.8536,  52.7775,  52.7254,  52.6949,  52.6834,  52.6888,  52.7095,  52.7438,  52.7901,  52.8471,  53.5674,  54.6512,  55.7547,  56.8778,  58.0206,  59.1830,  60.3652,  61.5670,  62.7885,  64.0296,  65.2904,  66.5709,  67.8710,  69.1908,  70.5303,  71.8894,  73.2683,  74.6667,  76.0849,  77.5227,  78.9802,  80.4573,  81.9542,  83.4706,  85.0068,  86.5626,  88.1381,  89.7333,  91.3481,  92.9826,  94.6368,  96.3106,  98.0041,  99.7173, 101.4501, 103.2026, 104.9748, 106.7666, 108.5781, 110.4093, 112.2601, 114.1306, 116.0208, 117.9307, 119.8602, 121.8094, 123.7782, 125.7667, 127.7749, 129.8028, 131.8503, 133.9175, 136.0043, 138.1109, 140.2371, 142.3829, 144.5485, 146.7336, 148.9385, 151.1630, 153.4072, 155.6711, 157.9547 },
	{  -0.0000,   1.5962,   3.1917,   4.7857,   6.3774,   7.9659,   9.5499,  11.1277,  12.6975,  14.2560,  15.7988,  17.3188,  18.8046,  20.2379,  21.6146,  22.8469,  23.8022,  24.7842,  25.8416,  27.0388,  28.3878,  29.7965,  31.2077,  32.6180,  34.0219,  35.4349,  36.8515,  38.2700,  39.6874,  41.1048,  42.5222,  43.9396,  45.3571,  46.7744,  48.1909,  49.2614,  50.0228,  50.6631,  51.2596,  51.8370,  52.0415,  51.9975,  51.8753,  51.7228,  51.5821,  51.4659,  51.3759,  51.3102,  51.2664,  51.2424,  51.2357,  51.2449,  51.2684,  51.3047,  51.3527,  52.1757,  53.2310,  54.3060,  55.4006,  56.5149,  57.6489,  58.8025,  59.9758,  61.1688,  62.3815,  63.6138,  64.8658,  66.1374,  67.4287,  68.7397,  70.0704,  71.4207,  72.7907,  74.1803,  75.5897,  77.0187,  78.4673,  79.9357,  81.4236,  82.9313,  84.4586,  86.0056,  87.5723,  89.1587,  90.7647,  92.3903,  94.0357,  95.7007,  97.3854,  99.0897, 100.8137, 102.5574, 104.3207, 106.1038, 107.9064, 109.7288, 111.5708, 113.4325, 115.3139, 117.2149, 119.1356, 121.0759, 123.0360, 125.0157, 127.0150, 129.0341, 131.0727, 133.1311, 135.2092, 137.3069, 139.4242, 141.5613, 143.7180, 145.8943, 148.0904, 150.3061, 152.5415, 154.7965, 157.0712, 159.3656, 161.6797 },
	{  -0.0000,   1.6151,   3.2297,   4.8430,   6.4545,   8.0632,   9.6682,  11.2682,  12.8616,  14.4458,  16.0172,  17.5704,  19.0958,  20.5775,  21.9888,  23.3384,  24.3941,  25.3677,  26.4182,  27.6271,  29.0097,  30.4501,  31.8916,  33.3329,  34.7736,  36.2227,  37.6715,  39.1205,  40.5693,  42.0182,  43.4672,  44.9160,  46.3574,  47.6503,  48.5046,  49.0836,  49.6289,  50.1779,  50.4185,  50.3985,  50.3102,  50.1898,  50.0703,  49.9693,  49.8907,  49.8340,  49.7977,  49.7795,  49.7776,  49.7906,  49.8172,  49.8559,  50.7764,  51.8032,  52.8497,  53.9158,  55.0017,  56.1071,  57.2323,  58.3771,  59.5416,  60.7258,  61.9296,  63.1531,  64.3962,  65.6591,  66.9416,  68.2437,  69.5656,  70.9071,  72.2682,  73.6491,  75.0496,  76.4697,  77.9096,  79.3691,  80.8482,  82.3471,  83.8656,  85.4038,  86.9616,  88.5391,  90.1363,  91.7532,  93.3897,  95.0459,  96.7217,  98.4172, 100.1324, 101.8673, 103.6218, 105.3960, 107.1899, 109.0034, 110.8366, 112.6895, 114.5620, 116.4542, 118.3661, 120.2976, 122.2488, 124.2197, 126.2102, 128.2204, 130.2503, 132.2999, 134.3691, 136.4579, 138.5665, 140.6947, 142.8426, 145.0101, 147.1974, 149.4043, 151.6308, 153.8770, 156.1429, 158.4285, 160.7337, 163.0586, 165.4032 },
	{  -0.0000,   1.6332,   3.2659,   4.8977,   6.5279,   8.1558,   9.7807,  11.4016,  13.0170,  14.6251,  16.2230,  17.8063,  19.3678,  20.8947,  22.3627,  23.7368,  24.9880,  25.9518,  26.9919,  28.2109,  29.6313,  31.1033,  32.5764,  34.0479,  35.5294,  37.0101,  38.4905,  39.9709,  41.4513,  42.9229,  44.3771,  45.7986,  46.9309,  47.5031,  48.0167,  48.5287,  48.8127,  48.8132,  48.7472,  48.6543,  48.5546,  48.4674,  48.3990,  48.3504,  48.3204,  48.3076,  48.3103,  48.3271,  48.3909,  49.3695,  50.3679,  51.3858,  52.4235,  53.4808,  54.5578,  55.6545,  56.7708,  57.9068,  59.0625,  60.2378,  61.4328,  62.6475,  63.8818,  65.1358,  66.4095,  67.7028,  69.0158,  70.3485,  71.7009,  73.0729,  74.4645,  75.8759,  77.3069,  78.7576,  80.2279,  81.7180,  83.2277,  84.7570,  86.3060,  87.8747,  89.4631,  91.0711,  92.6988,  94.3462,  96.0132,  97.6999,  99.4063, 101.1323, 102.8780, 104.6434, 106.4284, 108.2331, 110.0575, 111.9015, 113.7652, 115.6486, 117.5517, 119.4744, 121.4168, 123.3788, 125.3605, 127.3619, 129.3830, 131.4237, 133.4841, 135.5641, 137.6639, 139.7833, 141.9223, 144.0810, 146.2594, 148.4575, 150.6752, 152.9126, 155.1697, 157.4464, 159.7429, 162.0589, 164.3947, 166.7501, 169.1251 },
	{  -0.0000,   1.6505,   3.3006,   4.9498,   6.5978,   8.2441,   9.8878,  11.5284,  13.1645,  14.7949,  16.4172,  18.0280,  19.6219,  21.1892,  22.7114,  24.1492,  25.4910,  26.5375,  27.5631,  28.7902,  30.2533,  31.7571,  33.2619,  34.7738,  36.2856,  37.7975,  39.3094,  40.8220,  42.3336,  43.8163,  45.2389,  45.9462,  46.3969,  46.8882,  47.2195,  47.2391,  47.1878,  47.1158,  47.0346,  46.9601,  46.9010,  46.8596,  46.8355,  46.8277,  46.8346,  47.0049,  47.9551,  48.9249,  49.9144,  50.9236,  51.9524,  53.0009,  54.0691,  55.1569,  56.2644,  57.3916,  58.5384,  59.7050,  60.8911,  62.0970,  63.3225,  64.5677,  65.8325,  67.1170,  68.4212,  69.7451,  71.0886,  72.4518,  73.8346,  75.2372,  76.6594,  78.1012,  79.5628,  81.0439,  82.5448,  84.0653,  85.6055,  87.1654,  88.7450,  90.3442,  91.9630,  93.6016,  95.2598,  96.9377,  98.6352, 100.3524, 102.0893, 103.8458, 105.6220, 107.4179, 109.2335, 111.0687, 112.9236, 114.7981, 116.6924, 118.6063, 120.5398, 122.4930, 124.4659, 126.4585, 128.4707, 130.5026, 132.5542, 134.6254, 136.7163, 138.8269, 140.9571, 143.1071, 145.2766, 147.4659, 149.6748, 151.9034, 154.1516, 156.4195, 158.7071, 161.0143, 163.3413, 165.6878, 168.0541, 170.4400, 172.8456 },
	{  -0.0000,   1.6670,   3.3336,   4.9997,   6.6647,   8.3283,   9.9899,  11.6490,  13.3047,  14.9558,  16.6006,  18.2366,  19.8597,  21.4628,  23.0323,  24.5392,  25.9145,  27.1260,  28.1322,  29.3656,  30.8756,  32.4133,  33.9547,  35.4982,  37.0416,  38.5850,  40.1283,  41.6717,  43.2158,  44.5355,  44.8023,  45.2433,  45.6289,  45.6738,  45.6343,  45.5757,  45.5099,  45.4469,  45.3963,  45.3616,  45.3430,  45.3399,  45.6114,  46.5330,  47.4744,  48.4354,  49.4161,  50.4164,  51.4364,  52.4761,  53.5354,  54.6145,  55.7131,  56.8315,  57.9695,  59.1272,  60.3046,  61.5016,  62.7183,  63.9546,  65.2107,  66.4863,  67.7817,  69.0967,  70.4314,  71.7858,  73.1598,  74.5535,  75.9669,  77.3999,  78.8527,  80.3250,  81.8171,  83.3288,  84.8602,  86.4112,  87.9819,  89.5723,  91.1823,  92.8121,  94.4615,  96.1305,  97.8192,  99.5276, 101.2557, 103.0034, 104.7708, 106.5578, 108.3646, 110.1910, 112.0370, 113.9028, 115.7882, 117.6932, 119.6180, 121.5624, 123.5265, 125.5102, 127.5136, 129.5367, 131.5794, 133.6418, 135.7239, 137.8257, 139.9471, 142.0882, 144.2489, 146.4293, 148.6294, 150.8492, 153.0886, 155.3477, 157.6264, 159.9249, 162.2430, 164.5807, 166.9382, 169.3153, 171.7120, 174.1285, 176.5646 },
	{  -0.0000,   1.6828,   3.3653,   5.0473,   6.7286,   8.4087,  10.0873,  11.7640,  13.4380,  15.1085,  16.7742,  18.4333,  20.0827,  21.7174,  23.3278,  24.8937,  26.3642,  27.6674,  28.7006,  29.9398,  31.4969,  33.0728,  34.6477,  36.2226,  37.7975,  39.3668,  40.9129,  42.4663,  43.2863,  43.6196,  44.0302,  44.1106,  44.0841,  44.0347,  43.9805,  43.9276,  43.8847,  43.8561,  43.8427,  44.2102,  45.1034,  46.0163,  46.9488,  47.9010,  48.8728,  49.8643,  50.8755,  51.9064,  52.9569,  54.0271,  55.1170,  56.2265,  57.3557,  58.5045,  59.6731,  60.8613,  62.0691,  63.2967,  64.5439,  65.8108,  67.0973,  68.4035,  69.7294,  71.0749,  72.4401,  73.8250,  75.2296,  76.6538,  78.0977,  79.5612,  81.0444,  82.5473,  84.0699,  85.6121,  87.1740,  88.7555,  90.3568,  91.9777,  93.6182,  95.2785,  96.9584,  98.6579, 100.3772, 102.1161, 103.8746, 105.6529, 107.4508, 109.2683, 111.1056, 112.9625, 114.8391, 116.7353, 118.6512, 120.5868, 122.5421, 124.5170, 126.5116, 128.5258, 130.5597, 132.6133, 134.6866, 136.7795, 138.8921, 141.0244, 143.1763, 145.3479, 147.5392, 149.7501, 151.9807, 154.2310, 156.5009, 158.7905, 161.0998, 163.4287, 165.7773, 168.1456, 170.5335, 172.9411, 175.3684, 177.8154, 180.2820 },
	{  -0.0000,   1.6979,   3.3956,   5.0929,   6.7897,   8.4856,  10.1804,  11.8736,  13.5649,  15.2536,  16.9388,  18.6190,  20.2923,  21.9549,  23.6005,  25.2156,  26.7671,  28.1493,  29.2724,  30.5199,  32.1279,  33.7343,  35.3407,  36.9471,  38.5535,  40.1417,  41.5918,  42.0322,  42.4157,  42.5515,  42.5340,  42.4932,  42.4467,  42.4022,  42.3660,  42.3429,  42.8015,  43.6662,  44.5506,  45.4546,  46.3783,  47.3216,  48.2847,  49.2674,  50.2697,  51.2918,  52.3335,  53.3948,  54.4759,  55.5766,  56.6970,  57.8370,  58.9967,  60.1761,  61.3751,  62.5938,  63.8322,  65.0903,  66.3680,  67.6654,  68.9824,  70.3191,  71.6755,  73.0516,  74.4473,  75.8627,  77.2978,  78.7525,  80.2269,  81.7210,  83.2347,  84.7681,  86.3212,  87.8939,  89.4863,  91.0984,  92.7301,  94.3815,  96.0526,  97.7433,  99.4537, 101.1838, 102.9336, 104.7030, 106.4921, 108.3008, 110.1292, 111.9773, 113.8451, 115.7325, 117.6396, 119.5664, 121.5128, 123.4789, 125.4646, 127.4701, 129.4952, 131.5399, 133.6044, 135.6885, 137.7922, 139.9157, 142.0588, 144.2216, 146.4040, 148.6061, 150.8279, 153.0693, 155.3304, 157.6112, 159.9117, 162.2318, 164.5716, 166.9310, 169.3101, 171.7089, 174.1274, 176.5655, 179.0233, 181.5008, 183.9979 },
	{  -0.0000,   1.7124,   3.4247,   5.1366,   6.8482,   8.5591,  10.2693,  11.9783,  13.6860,  15.3917,  17.0950,  18.7948,  20.4896,  22.1772,  23.8533,  25.5091,  27.1244,  28.6370,  29.8529,  31.1201,  32.7579,  34.3957,  36.0336,  37.6715,  39.3030,  40.3923,  40.7842,  40.9999,  40.9876,  40.9506,  40.9089,  40.8706,  40.8401,  41.3852,  42.2214,  43.0773,  43.9528,  44.8480,  45.7629,  46.6974,  47.6516,  48.6255,  49.6190,  50.6323,  51.6651,  52.7177,  53.7899,  54.8818,  55.9933,  57.1246,  58.2754,  59.4460,  60.6362,  61.8461,  63.0757,  64.3249,  65.5938,  66.8823,  68.1906,  69.5185,  70.8660,  72.2333,  73.6202,  75.0267,  76.4530,  77.8989,  79.3645,  80.8497,  82.3546,  83.8792,  85.4234,  86.9873,  88.5709,  90.1742,  91.7971,  93.4397,  95.1019,  96.7839,  98.4854, 100.2067, 101.9476, 103.7082, 105.4885, 107.2884, 109.1080, 110.9473, 112.8062, 114.6848, 116.5831, 118.5010, 120.4386, 122.3959, 124.3728, 126.3694, 128.3857, 130.4216, 132.4772, 134.5525, 136.6475, 138.7621, 140.8964, 143.0503, 145.2239, 147.4172, 149.6302, 151.8628, 154.1151, 156.3870, 158.6787, 160.9900, 163.3209, 165.6716, 168.0419, 170.4318, 172.8415, 175.2708, 177.7197, 180.1884, 182.6767, 185.1846, 187.7123 },
	{  -0.0000,   1.7263,   3.4525,   5.1785,   6.9042,   8.6295,  10.3543,  12.0783,  13.8014,  15.5232,  17.2434,  18.9613,  20.6759,  22.3858,  24.0883,  25.7782,  27.4437,  29.0508,  30.4457,  31.7184,  33.3878,  35.0572,  36.7266,  38.3960,  39.1349,  39.4503,  39.4447,  39.4083,  39.3687,  39.3341,  39.9613,  40.7690,  41.5964,  42.4434,  43.3102,  44.1965,  45.1026,  46.0283,  46.9737,  47.9387,  48.9235,  49.9279,  50.9519,  51.9956,  53.0590,  54.1421,  55.2448,  56.3672,  57.5093,  58.6710,  59.8524,  61.0535,  62.2742,  63.5146,  64.7747,  66.0544,  67.3538,  68.6729,  70.0116,  71.3701,  72.7481,  74.1459,  75.5633,  77.0004,  78.4571,  79.9335,  81.4296,  82.9454,  84.4808,  86.0359,  87.6107,  89.2051,  90.8192,  92.4529,  94.1064,  95.7795,  97.4722,  99.1847, 100.9168, 102.6685, 104.4400, 106.2311, 108.0419, 109.8723, 111.7224, 113.5922, 115.4816, 117.3907, 119.3195, 121.2680, 123.2361, 125.2239, 127.2313, 129.2584, 131.3052, 133.3717, 135.4578, 137.5636, 139.6891, 141.8342, 143.9990, 146.1834, 148.3876, 150.6114, 152.8548, 155.1180, 157.4008, 159.7033, 162.0254, 164.3672, 166.7287, 169.1098, 171.5106, 173.9311, 176.3713, 178.8311, 181.3106, 183.8097, 186.3285, 188.8670, 191.4252 },
	{  -0.0000,   1.7396,   3.4792,   5.2187,   6.9579,   8.6970,  10.4357,  12.1739,  13.9116,  15.6486,  17.3845,  19.1191,  20.8519,  22.5819,  24.3076,  26.0263,  27.7318,  29.4071,  30.9853,  32.3169,  34.0178,  35.7187,  37.3657,  37.8665,  37.9033,  37.8647,  37.8261,  38.5298,  39.3091,  40.1079,  40.9265,  41.7647,  42.6226,  43.5002,  44.3974,  45.3143,  46.2509,  47.2071,  48.1830,  49.1785,  50.1938,  51.2287,  52.2832,  53.3575,  54.4514,  55.5650,  56.6982,  57.8511,  59.0237,  60.2159,  61.4278,  62.6594,  63.9107,  65.1816,  66.4722,  67.7824,  69.1123,  70.4619,  71.8312,  73.2201,  74.6287,  76.0570,  77.5049,  78.9725,  80.4598,  81.9667,  83.4933,  85.0396,  86.6055,  88.1911,  89.7964,  91.4213,  93.0659,  94.7302,  96.4141,  98.1177,  99.8410, 101.5840, 103.3466, 105.1289, 106.9308, 108.7524, 110.5937, 112.4547, 114.3353, 116.2356, 118.1555, 120.0952, 122.0545, 124.0334, 126.0320, 128.0503, 130.0883, 132.1459, 134.2232, 136.3202, 138.4369, 140.5732, 142.7291, 144.9048, 147.1001, 149.3151, 151.5497, 153.8040, 156.0780, 158.3716, 160.6850, 163.0179, 165.3706, 167.7429, 170.1349, 172.5466, 174.9779, 177.4289, 179.8995, 182.3899, 184.8999, 187.4295, 189.9789, 192.5479, 195.1365 },
	{  -0.0000,   1.7524,   3.5048,   5.2572,   7.0094,   8.7616,  10.5136,  12.2654,  14.0169,  15.7681,  17.5189,  19.2690,  21.0183,  22.7665,  24.5128,  26.2561,  27.9938,  29.7196,  31.4102,  32.9447,  34.6480,  36.1837,  36.3585,  36.3597,  37.0908,  37.8415,  38.6119,  39.4020,  40.2117,  41.0411,  41.8902,  42.7589,  43.6473,  44.5554,  45.4831,  46.4305,  47.3976,  48.3843,  49.3908,  50.4168,  51.4626,  52.5280,  53.6131,  54.7178,  55.8422,  56.9863,  58.1501,  59.3335,  60.5366,  61.7594,  63.0018,  64.2639,  65.5456,  66.8471,  68.1682,  69.5089,  70.8694,  72.2495,  73.6492,  75.0687,  76.5078,  77.9665,  79.4450,  80.9431,  82.4609,  83.9983,  85.5554,  87.1322,  88.7287,  90.3448,  91.9806,  93.6360,  95.3111,  97.0059,  98.7204, 100.4545, 102.2083, 103.9817, 105.7749, 107.5877, 109.4201, 111.2723, 113.1441, 115.0355, 116.9467, 118.8775, 120.8279, 122.7981, 124.7879, 126.7974, 128.8265, 130.8753, 132.9438, 135.0319, 137.1397, 139.2672, 141.4144, 143.5812, 145.7677, 147.9738, 150.1997, 152.4451, 154.7103, 156.9951, 159.2996, 161.6238, 163.9676, 166.3311, 168.7143, 171.1171, 173.5396, 175.9818, 178.4436, 180.9251, 183.4263, 185.9471, 188.4876, 191.0478, 193.6277, 196.2272, 198.8464 },
	{   0.0000,   1.7647,   3.5294,   5.2941,   7.0588,   8.8235,  10.5882,  12.3529,  14.1176,  15.8822,  17.6469,  19.4115,  21.1761,  22.9407,  24.7052,  26.4695,  28.2338,  29.9976,  31.7603,  33.5188,  34.9416,  35.6441,  36.3664,  37.1083,  37.8699,  38.6511,  39.4520,  40.2726,  41.1128,  41.9727,  42.8523,  43.7516,  44.6705,  45.6091,  46.5673,  47.5452,  48.5428,  49.5601,  50.5970,  51.6536,  52.7299,  53.8258,  54.9414,  56.0766,  57.2316,  58.4062,  59.6004,  60.8144,  62.0480,  63.3012,  64.5742,  65.8668,  67.1791,  68.5110,  69.8626,  71.2339,  72.6248,  74.0355,  75.4657,  76.9157,  78.3853,  79.8746,  81.3835,  82.9122,  84.4605,  86.0284,  87.6160,  89.2233,  90.8503,  92.4969,  94.1632,  95.8492,  97.5548,  99.2801, 101.0251, 102.7897, 104.5740, 106.3780, 108.2016, 110.0450, 111.9079, 113.7906, 115.6929, 117.6149, 119.5565, 121.5178, 123.4988, 125.4995, 127.5198, 129.5598, 131.6194, 133.6988, 135.7977, 137.9164, 140.0547, 142.2127, 144.3904, 146.5877, 148.8047, 151.0414, 153.2977, 155.5737, 157.8694, 160.1847, 162.5197, 164.8744, 167.2488, 169.6428, 172.0564, 174.4898, 176.9428, 179.4155, 181.9078, 184.4199, 186.9515, 189.5029, 192.0739, 194.6646, 197.2750, 199.9050, 202.5547 },
	{   0.0000,   1.7954,   3.5908,   5.3861,   7.1815,   8.9769,  10.7723,  12.5677,  14.3630,  16.1584,  17.9538,  19.7492,  21.5446,  23.3400,  25.1353,  26.9307,  28.7261,  30.5215,  32.3169,  34.1122,  35.5971,  36.3302,  37.0829,  37.8553,  38.6474,  39.4592,  40.2906,  41.1417,  42.0124,  42.9029,  43.8130,  44.7427,  45.6921,  46.6612,  47.6500,  48.6584,  49.6865,  50.7343,  51.8017,  52.8888,  53.9956,  55.1221,  56.2682,  57.4339,  58.6194,  59.8245,  61.0493,  62.2937,  63.5578,  64.8416,  66.1451,  67.4682,  68.8110,  70.1734,  71.5556,  72.9574,  74.3788,  75.8199,  77.2807,  78.7612,  80.2613,  81.7811,  83.3206,  84.8797,  86.4585,  88.0570,  89.6751,  91.3130,  92.9704,  94.6476,  96.3444,  98.0609,  99.7970, 101.5528, 103.3283, 105.1234, 106.9383, 108.7728, 110.6269, 112.5007, 114.3942, 116.3074, 118.2402, 120.1927, 122.1649, 124.1567, 126.1682, 128.1993, 130.2502, 132.3207, 134.4108, 136.5207, 138.6502, 140.7994, 142.9682, 145.1567, 147.3649, 149.5927, 151.8402, 154.1074, 156.3943, 158.7008, 161.0270, 163.3728, 165.7383, 168.1235, 170.5284, 172.9529, 175.3971, 177.8610, 180.3445, 182.8477, 185.3705, 187.9131, 190.4753, 193.0571, 195.6587, 198.2799, 200.9207, 203.5813, 206.2615 },
	{   0.0000,   1.8269,   3.6538,   5.4806,   7.3075,   9.1344,  10.9613,  12.7881,  14.6150,  16.4419,  18.2688,  20.0957,  21.9225,  23.7494,  25.5763,  27.4032,  29.2300,  31.0569,  32.8838,  34.7107,  36.2511,  37.0147,  37.7979,  38.6009,  39.4234,  40.2657,  41.1277,  42.0093,  42.9105,  43.8315,  44.7721,  45.7323,  46.7123,  47.7119,  48.7312,  49.7701,  50.8287,  51.9070,  53.0050,  54.1226,  55.2599,  56.4168,  57.5934,  58.7897,  60.0057,  61.2413,  62.4966,  63.7716,  65.0662,  66.3805,  67.7145,  69.0681,  70.4414,  71.8344,  73.2470,  74.6793,  76.1313,  77.6029,  79.0942,  80.6052,  82.1358,  83.6862,  85.2561,  86.8458,  88.4551,  90.0841,  91.7327,  93.4010,  95.0890,  96.7967,  98.5240, 100.2710, 102.0377, 103.8240, 105.6300, 107.4556, 109.3010, 111.1660, 113.0506, 114.9550, 116.8790, 118.8227, 120.7860, 122.7690, 124.7717, 126.7940, 128.8360, 130.8977, 132.9790, 135.0801, 137.2007, 139.3411, 141.5011, 143.6808, 145.8801, 148.0992, 150.3379, 152.5962, 154.8742, 157.1719, 159.4893, 161.8263, 164.1830, 166.5594, 168.9554, 171.3711, 173.8065, 176.2615, 178.7362, 181.2306, 183.7446, 186.2783, 188.8317, 191.4048, 193.9975, 196.6099, 199.2419, 201.8936, 204.5650, 207.2561, 209.9668 },
	{   0.0000,   1.8584,   3.7167,   5.5751,   7.4335,   9.2919,  11.1502,  13.0086,  14.8670,  16.7254,  18.5837,  20.4421,  22.3005,  24.1589,  26.0172,  27.8756,  29.7340,  31.5924,  33.4507,  35.3091,  36.9035,  37.6976,  38.5114,  39.3449,  40.1980,  41.0707,  41.9632,  42.8753,  43.8071,  44.7585,  45.7297,  46.7205,  47.7309,  48.7610,  49.8108,  50.8803,  51.9694,  53.0782,  54.2067,  55.3548,  56.5226,  57.7101,  58.9172,  60.1440,  61.3905,  62.6566,  63.9424,  65.2479,  66.5730,  67.9178,  69.2823,  70.6665,  72.0703,  73.4938,  74.9369,  76.3997,  77.8822,  79.3844,  80.9062,  82.4477,  84.0088,  85.5897,  87.1901,  88.8103,  90.4501,  92.1096,  93.7888,  95.4876,  97.2061,  98.9443, 100.7021, 102.4796, 104.2768, 106.0936, 107.9302, 109.7863, 111.6622, 113.5577, 115.4729, 117.4077, 119.3622, 121.3364, 123.3303, 125.3438, 127.3770, 129.4298, 131.5023, 133.5945, 135.7064, 137.8379, 139.9891, 142.1600, 144.3505, 146.5607, 148.7906, 151.0401, 153.3093, 155.5982, 157.9067, 160.2349, 162.5828, 164.9503, 167.3376, 169.7444, 172.1710, 174.6172, 177.0831, 179.5686, 182.0738, 184.5987, 187.1433, 189.7075, 192.2914, 194.8949, 197.5182, 200.1611, 202.8236, 205.5058, 208.2077, 210.9293, 213.6705 },
	{   0.0000,   1.8899,   3.7797,   5.6696,   7.5595,   9.4494,  11.3392,  13.2291,  15.1190,  17.0088,  18.8987,  20.7886,  22.6785,  24.5683,  26.4582,  28.3481,  30.2379,  32.1278,  34.0177,  35.9076,  37.5545,  38.3791,  39.2234,  40.0873,  40.9710,  41.8743,  42.7972,  43.7399,  44.7021,  45.6841,  46.6857,  47.7070,  48.7480,  49.8087,  50.8890,  51.9889,  53.1086,  54.2479,  55.4068,  56.5855,  57.7838,  59.0018,  60.2394,  61.4967,  62.7737,  64.0704,  65.3867,  66.7227,  68.0783,  69.4537,  70.8487,  72.2633,  73.6976,  75.1516,  76.6253,  78.1186,  79.6316,  81.1643,  82.7166,  84.2886,  85.8803,  87.4916,  89.1226,  90.7733,  92.4437,  94.1337,  95.8433,  97.5727,  99.3217, 101.0904, 102.8787, 104.6868, 106.5144, 108.3618, 110.2288, 112.1155, 114.0219, 115.9479, 117.8936, 119.8589, 121.8440, 123.8487, 125.8730, 127.9171, 129.9808, 132.0641, 134.1672, 136.2899, 138.4322, 140.5943, 142.7760, 144.9774, 147.1984, 149.4391, 151.6995, 153.9795, 156.2793, 158.5986, 160.9377, 163.2964, 165.6748, 168.0728, 170.4906, 172.9280, 175.3850, 177.8617, 180.3581, 182.8742, 185.4099, 187.9653, 190.5404, 193.1351, 195.7495, 198.3836, 201.0373, 203.7107, 206.4038, 209.1166, 211.8490, 214.6010, 217.3728 },
	{   0.0000,   1.9214,   3.8427,   5.7641,   7.6855,   9.6068,  11.5282,  13.4496,  15.3709,  17.2923,  19.2137,  21.1350,  23.0564,  24.9778,  26.8992,  28.8205,  30.7419,  32.6633,  34.5846,  36.5060,  38.2039,  39.0590,  39.9338,  40.8283,  41.7425,  42.6763,  43.6297,  44.6029,  45.5957,  46.6082,  47.6403,  48.6921,  49.7636,  50.8548,  51.9656,  53.0961,  54.2462,  55.4160,  56.6055,  57.8147,  59.0435,  60.2920,  61.5601,  62.8480,  64.1555,  65.4826,  66.8295,  68.1960,  69.5821,  70.9880,  72.4135,  73.8586,  75.3235,  76.8080,  78.3122,  79.8360,  81.3795,  82.9427,  84.5256,  86.1281,  87.7503,  89.3921,  91.0536,  92.7348,  94.4357,  96.1562,  97.8964,  99.6562, 101.4358, 103.2350, 105.0538, 106.8923, 108.7505, 110.6284, 112.5259, 114.4431, 116.3800, 118.3366, 120.3128, 122.3086, 124.3242, 126.3594, 128.4143, 130.4888, 132.5830, 134.6969, 136.8304, 138.9837, 141.1566, 143.3491, 145.5613, 147.7932, 150.0448, 152.3160, 154.6069, 156.9174, 159.2477, 161.5976, 163.9671, 166.3564, 168.7653, 171.1938, 173.6421, 176.1100, 178.5975, 181.1048, 183.6317, 186.1783, 188.7445, 191.3304, 193.9360, 196.5612, 199.2062, 201.8707, 204.5550, 207.2589, 209.9825, 212.7258, 215.4887, 218.2713, 221.0735 },
	{   0.0000,   1.9529,   3.9057,   5.8586,   7.8115,   9.7643,  11.7172,  13.6701,  15.6229,  17.5758,  19.5286,  21.4815,  23.4344,  25.3872,  27.3401,  29.2930,  31.2458,  33.1987,  35.1516,  37.1044,  38.8518,  39.7375,  40.6428,  41.5678,  42.5124,  43.4767,  44.4607,  45.4644,  46.4877,  47.5307,  48.5934,  49.6757,  50.7777,  51.8993,  53.0407,  54.2017,  55.3823,  56.5827,  57.8027,  59.0423,  60.3017,  61.5807,  62.8794,  64.1977,  65.5357,  66.8934,  68.2707,  69.6677,  71.0844,  72.5208,  73.9768,  75.4525,  76.9478,  78.4628,  79.9975,  81.5519,  83.1259,  84.7196,  86.3330,  87.9660,  89.6187,  91.2911,  92.9831,  94.6948,  96.4261,  98.1772,  99.9479, 101.7383, 103.5483, 105.3780, 107.2274, 109.0964, 110.9851, 112.8935, 114.8216, 116.7693, 118.7367, 120.7237, 122.7304, 124.7568, 126.8029, 128.8686, 130.9540, 133.0590, 135.1838, 137.3282, 139.4922, 141.6760, 143.8794, 146.1024, 148.3451, 150.6076, 152.8896, 155.1914, 157.5128, 159.8538, 162.2146, 164.5950, 166.9951, 169.4148, 171.8542, 174.3133, 176.7921, 179.2905, 181.8086, 184.3463, 186.9037, 189.4808, 192.0776, 194.6940, 197.3301, 199.9858, 202.6613, 205.3564, 208.0711, 210.8056, 213.5597, 216.3334, 219.1269, 221.9400, 224.7727 },
	{   0.0000,   1.9844,   3.9687,   5.9531,   7.9374,   9.9218,  11.9062,  13.8905,  15.8749,  17.8593,  19.8436,  21.8280,  23.8123,  25.7967,  27.7811,  29.7654,  31.7498,  33.7341,  35.7185,  37.7029,  39.4982,  40.4144,  41.3502,  42.3057,  43.2809,  44.2757,  45.2902,  46.3244,  47.3782,  48.4517,  49.5449,  50.6577,  51.7902,  52.9424,  54.1142,  55.3058,  56.5169,  57.7478,  58.9983,  60.2685,  61.5583,  62.8678,  64.1970,  65.5459,  66.9144,  68.3026,  69.7105,  71.1380,  72.5852,  74.0520,  75.5386,  77.0448,  78.5706,  80.1162,  81.6814,  83.2662,  84.8708,  86.4950,  88.1389,  89.8024,  91.4856,  93.1885,  94.9110,  96.6532,  98.4151, 100.1967, 101.9979, 103.8188, 105.6593, 107.5195, 109.3994, 111.2990, 113.2182, 115.1571, 117.1157, 119.0939, 121.0918, 123.1093, 125.1466, 127.2035, 129.2800, 131.3763, 133.4922, 135.6278, 137.7830, 139.9579, 142.1525, 144.3667, 146.6006, 148.8542, 151.1275, 153.4204, 155.7330, 158.0652, 160.4171, 162.7887, 165.1800, 167.5909, 170.0215, 172.4717, 174.9417, 177.4313, 179.9405, 182.4694, 185.0180, 187.5863, 190.1742, 192.7818, 195.4091, 198.0561, 200.7227, 203.4089, 206.1149, 208.8405, 211.5858, 214.3507, 217.1353, 219.9396, 222.7635, 225.6072, 228.4704 },
	{   0.0000,   2.0159,   4.0317,   6.0476,   8.0634,  10.0793,  12.0951,  14.1110,  16.1269,  18.1427,  20.1586,  22.1744,  24.1903,  26.2062,  28.2220,  30.2379,  32.2537,  34.2696,  36.2854,  38.3013,  40.1431,  41.0898,  42.0561,  43.0421,  44.0478,  45.0731,  46.1182,  47.1828,  48.2672,  49.3712,  50.4949,  51.6382,  52.8013,  53.9840,  55.1863,  56.4083,  57.6500,  58.9114,  60.1924,  61.4931,  62.8135,  64.1535,  65.5132,  66.8926,  68.2916,  69.7103,  71.1487,  72.6067,  74.0844,  75.5818,  77.0988,  78.6356,  80.1919,  81.7680,  83.3637,  84.9791,  86.6141,  88.2688,  89.9432,  91.6373,  93.3510,  95.0844,  96.8375,  98.6102, 100.4026, 102.2146, 104.0464, 105.8978, 107.7688, 109.6596, 111.5700, 113.5000, 115.4498, 117.4192, 119.4082, 121.4170, 123.4454, 125.4935, 127.5612, 129.6486, 131.7557, 133.8825, 136.0289, 138.1950, 140.3807, 142.5861, 144.8112, 147.0560, 149.3204, 151.6045, 153.9082, 156.2317, 158.5748, 160.9375, 163.3200, 165.7221, 168.1438, 170.5853, 173.0464, 175.5271, 178.0276, 180.5477, 183.0875, 185.6469, 188.2260, 190.8248, 193.4432, 196.0814, 198.7391, 201.4166, 204.1137, 206.8305, 209.5669, 212.3231, 215.0989, 217.8943, 220.7094, 223.5442, 226.3987, 229.2728, 232.1666 },
	{   0.0000,   2.0474,   4.0947,   6.1421,   8.1894,  10.2368,  12.2841,  14.3315,  16.3788,  18.4262,  20.4736,  22.5209,  24.5683,  26.6156,  28.6630,  30.7103,  32.7577,  34.8050,  36.8524,  38.8997,  40.7865,  41.7637,  42.7605,  43.7770,  44.8132,  45.8691,  46.9446,  48.0398,  49.1547,  50.2892,  51.4434,  52.6172,  53.8108,  55.0240,  56.2569,  57.5094,  58.7816,  60.0735,  61.3850,  62.7162,  64.0671,  65.4376,  66.8278,  68.2377,  69.6673,  71.1165,  72.5854,  74.0739,  75.5821,  77.1100,  78.6576,  80.2248,  81.8117,  83.4183,  85.0445,  86.6904,  88.3560,  90.0412,  91.7461,  93.4707,  95.2149,  96.9788,  98.7624, 100.5656, 102.3885, 104.2311, 106.0933, 107.9752, 109.8768, 111.7981, 113.7390, 115.6996, 117.6798, 119.6797, 121.6993, 123.7386, 125.7975, 127.8761, 129.9743, 132.0923, 134.2299, 136.3871, 138.5640, 140.7606, 142.9769, 145.2128, 147.4684, 149.7437, 152.0386, 154.3533, 156.6875, 159.0415, 161.4151, 163.8083, 166.2213, 168.6539, 171.1062, 173.5781, 176.0697, 178.5810, 181.1120, 183.6626, 186.2329, 188.8228, 191.4325, 194.0618, 196.7107, 199.3794, 202.0676, 204.7756, 207.5032, 210.2505, 213.0175, 215.8041, 218.6104, 221.4364, 224.2821, 227.1474, 230.0323, 232.9370, 235.8613 },
	{   0.0000,   2.0789,   4.1577,   6.2366,   8.3154,  10.3943,  12.4731,  14.5520,  16.6308,  18.7097,  20.7885,  22.8674,  24.9462,  27.0251,  29.1039,  31.1828,  33.2616,  35.3405,  37.4193,  39.4982,  41.4283,  42.4360,  43.4634,  44.5104,  45.5771,  46.6635,  47.7695,  48.8952,  50.0406,  51.2056,  52.3904,  53.5947,  54.8188,  56.0625,  57.3259,  58.6089,  59.9116,  61.2340,  62.5761,  63.9378,  65.3192,  66.7203,  68.1410,  69.5814,  71.0414,  72.5212,  74.0206,  75.5396,  77.0784,  78.6368,  80.2148,  81.8126,  83.4300,  85.0670,  86.7238,  88.4002,  90.0963,  91.8120,  93.5474,  95.3025,  97.0773,  98.8717, 100.6858, 102.5195, 104.3729, 106.2460, 108.1388, 110.0512, 111.9833, 113.9350, 115.9065, 117.8976, 119.9083, 121.9388, 123.9889, 126.0586, 128.1481, 130.2572, 132.3859, 134.5344, 136.7025, 138.8903, 141.0977, 143.3248, 145.5716, 147.8380, 150.1241, 152.4299, 154.7554, 157.1005, 159.4653, 161.8497, 164.2539, 166.6776, 169.1211, 171.5842, 174.0670, 176.5695, 179.0916, 181.6334, 184.1949, 186.7760, 189.3768, 191.9973, 194.6374, 197.2972, 199.9767, 202.6758, 205.3946, 208.1331, 210.8913, 213.6691, 216.4665, 219.2837, 222.1205, 224.9770, 227.8531, 230.7490, 233.6645, 236.5996, 239.5544 },
	{   0.0000,   2.1103,   4.2207,   6.3310,   8.4414,  10.5517,  12.6621,  14.7724,  16.8828,  18.9931,  21.1035,  23.2138,  25.3242,  27.4345,  29.5449,  31.6552,  33.7656,  35.8759,  37.9863,  40.0966,  42.0686,  43.1068,  44.1647,  45.2423,  46.3395,  47.4564,  48.5929,  49.7491,  50.9250,  52.1206,  53.3358,  54.5707,  55.8253,  57.0995,  58.3934,  59.7070,  61.0402,  62.3931,  63.7656,  65.1579,  66.5698,  68.0014,  69.4526,  70.9235,  72.4141,  73.9243,  75.4542,  77.0038,  78.5731,  80.1620,  81.7705,  83.3988,  85.0467,  86.7143,  88.4016,  90.1085,  91.8351,  93.5813,  95.3472,  97.1328,  98.9381, 100.7630, 102.6076, 104.4719, 106.3558, 108.2594, 110.1827, 112.1256, 114.0882, 116.0705, 118.0724, 120.0941, 122.1353, 124.1963, 126.2769, 128.3772, 130.4971, 132.6367, 134.7960, 136.9750, 139.1736, 141.3919, 143.6298, 145.8875, 148.1647, 150.4617, 152.7783, 155.1146, 157.4706, 159.8462, 162.2415, 164.6565, 167.0911, 169.5454, 172.0194, 174.5130, 177.0263, 179.5593, 182.1120, 184.6843, 187.2762, 189.8879, 192.5192, 195.1702, 197.8408, 200.5311, 203.2411, 205.9708, 208.7201, 211.4891, 214.2778, 217.0861, 219.9141, 222.7617, 225.6291, 228.5161, 231.4227, 234.3491, 237.2951, 240.2607, 243.2461 },
	{   0.0000,   2.1418,   4.2837,   6.4255,   8.5674,  10.7092,  12.8511,  14.9929,  17.1348,  19.2766,  21.4185,  23.5603,  25.7021,  27.8440,  29.9858,  32.1277,  34.2695,  36.4114,  38.5532,  40.6951,  42.7074,  43.7762,  44.8646,  45.9726,  47.1004,  48.2478,  49.4148,  50.6015,  51.8079,  53.0340,  54.2798,  55.5452,  56.8302,  58.1350,  59.4594,  60.8035,  62.1672,  63.5506,  64.9537,  66.3764,  67.8189,  69.2809,  70.7627,  72.2641,  73.7852,  75.3260,  76.8864,  78.4665,  80.0662,  81.6857,  83.3247,  84.9835,  86.6619,  88.3600,  90.0778,  91.8152,  93.5723,  95.3491,  97.1456,  98.9617, 100.7974, 102.6529, 104.5280, 106.4228, 108.3372, 110.2713, 112.2251, 114.1986, 116.1917, 118.2045, 120.2369, 122.2890, 124.3608, 126.4523, 128.5634, 130.6942, 132.8447, 135.0148, 137.2046, 139.4140, 141.6432, 143.8920, 146.1604, 148.4486, 150.7564, 153.0839, 155.4310, 157.7978, 160.1843, 162.5904, 165.0162, 167.4617, 169.9269, 172.4117, 174.9162, 177.4403, 179.9841, 182.5476, 185.1308, 187.7336, 190.3561, 192.9982, 195.6601, 198.3416, 201.0427, 203.7636, 206.5041, 209.2642, 212.0441, 214.8436, 217.6627, 220.5016, 223.3601, 226.2383, 229.1361, 232.0536, 234.9908, 237.9476, 240.9241, 243.9203, 246.9362 },
	{   0.0000,   2.1733,   4.3467,   6.5200,   8.6934,  10.8667,  13.0401,  15.2134,  17.3867,  19.5601,  21.7334,  23.9068,  26.0801,  28.2534,  30.4268,  32.6001,  34.7735,  36.9468,  39.1202,  41.2935,  43.3394,  44.4440,  45.5629,  46.7015,  47.8597,  49.0376,  50.2352,  51.4524,  52.6893,  53.9459,  55.2222,  56.5181,  57.8337,  59.1689,  60.5239,  61.8984,  63.2927,  64.7066,  66.1402,  67.5935,  69.0664,  70.5590,  72.0713,  73.6032,  75.1548,  76.7261,  78.3170,  79.9276,  81.5579,  83.2078,  84.8774,  86.5667,  88.2756,  90.0043,  91.7525,  93.5205,  95.3081,  97.1154,  98.9423, 100.7890, 102.6552, 104.5412, 106.4468, 108.3721, 110.3171, 112.2817, 114.2660, 116.2700, 118.2936, 120.3369, 122.3998, 124.4825, 126.5848, 128.7068, 130.8484, 133.0097, 135.1907, 137.3913, 139.6116, 141.8516, 144.1112, 146.3906, 148.6895, 151.0082, 153.3465, 155.7045, 158.0821, 160.4795, 162.8965, 165.3331, 167.7894, 170.2654, 172.7611, 175.2764, 177.8114, 180.3661, 182.9404, 185.5344, 188.1481, 190.7814, 193.4344, 196.1071, 198.7994, 201.5114, 204.2431, 206.9945, 209.7655, 212.5562, 215.3665, 218.1965, 221.0462, 223.9156, 226.8046, 229.7133, 232.6416, 235.5896, 238.5573, 241.5447, 244.5517, 247.5784, 250.6248 },
	{   0.0000,   2.2048,   4.4097,   6.6145,   8.8194,  11.0242,  13.2290,  15.4339,  17.6387,  19.8435,  22.0484,  24.2532,  26.4581,  28.6629,  30.8677,  33.0726,  35.2774,  37.4823,  39.6871,  41.8919,  43.9595,  45.1103,  46.2597,  47.4288,  48.6175,  49.8259,  51.0540,  52.3018,  53.5692,  54.8563,  56.1631,  57.4895,  58.8356,  60.2014,  61.5868,  62.9919,  64.4167,  65.8611,  67.3252,  68.8090,  70.3124,  71.8355,  73.3783,  74.9408,  76.5229,  78.1247,  79.7461,  81.3872,  83.0480,  84.7285,  86.4286,  88.1484,  89.8878,  91.6470,  93.4258,  95.2242,  97.0423,  98.8801, 100.7376, 102.6147, 104.5115, 106.4280, 108.3641, 110.3199, 112.2954, 114.2906, 116.3054, 118.3398, 120.3940, 122.4678, 124.5613, 126.6744, 128.8072, 130.9597, 133.1319, 135.3237, 137.5352, 139.7663, 142.0172, 144.2876, 146.5778, 148.8876, 151.2171, 153.5663, 155.9351, 158.3236, 160.7318, 163.1596, 165.6071, 168.0743, 170.5611, 173.0676, 175.5938, 178.1396, 180.7052, 183.2903, 185.8952, 188.5197, 191.1639, 193.8277, 196.5112, 199.2144, 201.9373, 204.6798, 207.4420, 210.2238, 213.0254, 215.8466, 218.6874, 221.5479, 224.4281, 227.3280, 230.2475, 233.1867, 236.1456, 239.1241, 242.1223, 245.1402, 248.1778, 251.2350, 254.3118 },
	{   0.0000,   2.2363,   4.4727,   6.7090,   8.9453,  11.1817,  13.4180,  15.6543,  17.8907,  20.1270,  22.3634,  24.5997,  26.8360,  29.0724,  31.3087,  33.5450,  35.7814,  38.0177,  40.2540,  42.4904,  44.5797,  45.7750,  46.9550,  48.1546,  49.3738,  50.6128,  51.8714,  53.1496,  54.4476,  55.7652,  57.1025,  58.4594,  59.8360,  61.2323,  62.6482,  64.0839,  65.5391,  67.0141,  68.5087,  70.0230,  71.5570,  73.1106,  74.6839,  76.2768,  77.8895,  79.5217,  81.1737,  82.8453,  84.5366,  86.2476,  87.9782,  89.7285,  91.4985,  93.2881,  95.0975,  96.9264,  98.7751, 100.6434, 102.5314, 104.4390, 106.3663, 108.3133, 110.2799, 112.2663, 114.2722, 116.2979, 118.3432, 120.4082, 122.4929, 124.5972, 126.7212, 128.8648, 131.0282, 133.2112, 135.4138, 137.6362, 139.8782, 142.1398, 144.4212, 146.7222, 149.0428, 151.3832, 153.7432, 156.1229, 158.5222, 160.9412, 163.3799, 165.8382, 168.3163, 170.8139, 173.3313, 175.8683, 178.4250, 181.0014, 183.5974, 186.2131, 188.8484, 191.5035, 194.1781, 196.8725, 199.5865, 202.3202, 205.0736, 207.8466, 210.6393, 213.4517, 216.2837, 219.1354, 222.0068, 224.8979, 227.8086, 230.7390, 233.6890, 236.6587, 239.6481, 242.6571, 245.6859, 248.7342, 251.8023, 254.8900, 257.9974 },
	{   0.0000,   2.2678,   4.5357,   6.8035,   9.0713,  11.3392,  13.6070,  15.8748,  18.1427,  20.4105,  22.6783,  24.9462,  27.2140,  29.4818,  31.7497,  34.0175,  36.2853,  38.5531,  40.8210,  43.0888,  45.1998,  46.4383,  47.6487,  48.8788,  50.1286,  51.3981,  52.6872,  53.9960,  55.3244,  56.6725,  58.0403,  59.4278,  60.8349,  62.2617,  63.7082,  65.1743,  66.6601,  68.1656,  69.6907,  71.2355,  72.8000,  74.3841,  75.9879,  77.6114,  79.2545,  80.9173,  82.5998,  84.3019,  86.0237,  87.7652,  89.5264,  91.3072,  93.1077,  94.9278,  96.7676,  98.6271, 100.5063, 102.4051, 104.3236, 106.2617, 108.2196, 110.1971, 112.1942, 114.2111, 116.2476, 118.3037, 120.3796, 122.4751, 124.5902, 126.7251, 128.8796, 131.0537, 133.2476, 135.4611, 137.6943, 139.9471, 142.2196, 144.5118, 146.8237, 149.1552, 151.5064, 153.8772, 156.2677, 158.6779, 161.1078, 163.5573, 166.0265, 168.5154, 171.0239, 173.5521, 176.0999, 178.6675, 181.2547, 183.8615, 186.4881, 189.1343, 191.8002, 194.4857, 197.1909, 199.9158, 202.6603, 205.4245, 208.2084, 211.0120, 213.8352, 216.6781, 219.5406, 222.4228, 225.3247, 228.2463, 231.1875, 234.1484, 237.1289, 240.1292, 243.1491, 246.1886, 249.2478, 252.3267, 255.4253, 258.5435, 261.6814 },
	{   0.0000,   2.2993,   4.5987,   6.8980,   9.1973,  11.4966,  13.7960,  16.0953,  18.3946,  20.6940,  22.9933,  25.2926,  27.5919,  29.8913,  32.1906,  34.4899,  36.7893,  39.0886,  41.3879,  43.6872,  45.8169,  47.1000,  48.3410,  49.6016,  50.8819,  52.1819,  53.5015,  54.8408,  56.1998,  57.5784,  58.9767,  60.3947,  61.8323,  63.2896,  64.7666,  66.2632,  67.7795,  69.3155,  70.8711,  72.4465,  74.0414,  75.6561,  77.2904,  78.9444,  80.6180,  82.3114,  84.0243,  85.7570,  87.5093,  89.2813,  91.0730,  92.8843,  94.7153,  96.5660,  98.4363, 100.3263, 102.2360, 104.1653, 106.1143, 108.0830, 110.0713, 112.0793, 114.1070, 116.1543, 118.2214, 120.3080, 122.4144, 124.5404, 126.6861, 128.8514, 131.0364, 133.2411, 135.4655, 137.7095, 139.9732, 142.2566, 144.5596, 146.8823, 149.2246, 151.5867, 153.9684, 156.3697, 158.7908, 161.2315, 163.6918, 166.1719, 168.6716, 171.1909, 173.7300, 176.2887, 178.8671, 181.4651, 184.0828, 186.7202, 189.3773, 192.0540, 194.7504, 197.4664, 200.2021, 202.9575, 205.7326, 208.5273, 211.3417, 214.1758, 217.0295, 219.9029, 222.7959, 225.7087, 228.6411, 231.5931, 234.5649, 237.5563, 240.5674, 243.5981, 246.6485, 249.7186, 252.8083, 255.9177, 259.0468, 262.1956, 265.3640 },
	{   0.0000,   2.3308,   4.6617,   6.9925,   9.3233,  11.6541,  13.9850,  16.3158,  18.6466,  20.9774,  23.3083,  25.6391,  27.9699,  30.3007,  32.6316,  34.9624,  37.2932,  39.6240,  41.9549,  44.2857,  46.4369,  47.7602,  49.0317,  50.3228,  51.6337,  52.9641,  54.3143,  55.6841,  57.0736,  58.4827,  59.9115,  61.3600,  62.8282,  64.3160,  65.8235,  67.3506,  68.8974,  70.4639,  72.0501,  73.6559,  75.2814,  76.9266,  78.5914,  80.2759,  81.9801,  83.7039,  85.4474,  87.2106,  88.9934,  90.7959,  92.6181,  94.4599,  96.3214,  98.2026, 100.1034, 102.0240, 103.9641, 105.9240, 107.9035, 109.9027, 111.9215, 113.9601, 116.0182, 118.0961, 120.1936, 122.3108, 124.4477, 126.6042, 128.7804, 130.9763, 133.1918, 135.4270, 137.6819, 139.9564, 142.2506, 144.5645, 146.8980, 149.2512, 151.6241, 154.0166, 156.4288, 158.8607, 161.3123, 163.7835, 166.2744, 168.7849, 171.3151, 173.8650, 176.4346, 179.0238, 181.6327, 184.2612, 186.9095, 189.5774, 192.2649, 194.9722, 197.6991, 200.4456, 203.2119, 205.9978, 208.8033, 211.6286, 214.4735, 217.3380, 220.2223, 223.1262, 226.0498, 228.9930, 231.9559, 234.9385, 237.9408, 240.9627, 244.0043, 247.0655, 250.1464, 253.2470, 256.3673, 259.5072, 262.6668, 265.8460, 269.0450 },
	{   0.0000,   2.3623,   4.7246,   7.0870,   9.4493,  11.8116,  14.1739,  16.5363,  18.8986,  21.2609,  23.6232,  25.9855,  28.3479,  30.7102,  33.0725,  35.4348,  37.7972,  40.1595,  42.5218,  44.8841,  47.0568,  48.4189,  49.7209,  51.0426,  52.3839,  53.7449,  55.1255,  56.5259,  57.9459,  59.3855,  60.8448,  62.3238,  63.8225,  65.3408,  66.8788,  68.4365,  70.0138,  71.6108,  73.2275,  74.8638,  76.5198,  78.1955,  79.8909,  81.6059,  83.3406,  85.0949,  86.8689,  88.6626,  90.4759,  92.3090,  94.1617,  96.0340,  97.9260,  99.8377, 101.7691, 103.7201, 105.6908, 107.6812, 109.6912, 111.7209, 113.7702, 115.8393, 117.9280, 120.0364, 122.1644, 124.3121, 126.4795, 128.6665, 130.8732, 133.0996, 135.3456, 137.6113, 139.8967, 142.2018, 144.5265, 146.8709, 149.2349, 151.6186, 154.0220, 156.4451, 158.8878, 161.3502, 163.8323, 166.3340, 168.8554, 171.3965, 173.9572, 176.5376, 179.1377, 181.7574, 184.3968, 187.0559, 189.7346, 192.4330, 195.1511, 197.8888, 200.6462, 203.4233, 206.2201, 209.0365, 211.8726, 214.7283, 217.6037, 220.4988, 223.4136, 226.3480, 229.3021, 232.2758, 235.2693, 238.2823, 241.3151, 244.3675, 247.4396, 250.5314, 253.6428, 256.7739, 259.9247, 263.0951, 266.2852, 269.4950, 272.7245 },
	{   0.0000,   2.3938,   4.7876,   7.1815,   9.5753,  11.9691,  14.3629,  16.7567,  19.1506,  21.5444,  23.9382,  26.3320,  28.7258,  31.1196,  33.5135,  35.9073,  38.3011,  40.6949,  43.0887,  45.4826,  47.6767,  49.0761,  50.4086,  51.7608,  53.1326,  54.5241,  55.9353,  57.3661,  58.8166,  60.2868,  61.7766,  63.2861,  64.8153,  66.3642,  67.9327,  69.5209,  71.1287,  72.7562,  74.4034,  76.0703,  77.7568,  79.4630,  81.1888,  82.9343,  84.6995,  86.4844,  88.2889,  90.1131,  91.9570,  93.8205,  95.7037,  97.6066,  99.5291, 101.4713, 103.4332, 105.4147, 107.4159, 109.4368, 111.4773, 113.5376, 115.6174, 117.7170, 119.8362, 121.9751, 124.1336, 126.3118, 128.5097, 130.7273, 132.9645, 135.2214, 137.4980, 139.7942, 142.1101, 144.4456, 146.8009, 149.1758, 151.5703, 153.9846, 156.4185, 158.8720, 161.3453, 163.8382, 166.3507, 168.8830, 171.4349, 174.0065, 176.5977, 179.2086, 181.8392, 184.4895, 187.1594, 189.8490, 192.5582, 195.2871, 198.0357, 200.8040, 203.5919, 206.3995, 209.2267, 212.0737, 214.9403, 217.8265, 220.7325, 223.6581, 226.6033, 229.5683, 232.5529, 235.5571, 238.5811, 241.6247, 244.6880, 247.7709, 250.8735, 253.9958, 257.1377, 260.2993, 263.4806, 266.6816, 269.9022, 273.1425, 276.4024 },
	{   0.0000,   2.4253,   4.8506,   7.2759,   9.7013,  12.1266,  14.5519,  16.9772,  19.4025,  21.8278,  24.2532,  26.6785,  29.1038,  31.5291,  33.9544,  36.3797,  38.8051,  41.2304,  43.6557,  46.0810,  48.2967,  49.7318,  51.0948,  52.4775,  53.8798,  55.3018,  56.7435,  58.2049,  59.6859,  61.1866,  62.7069,  64.2469,  65.8066,  67.3860,  68.9850,  70.6037,  72.2421,  73.9001,  75.5778,  77.2752,  78.9922,  80.7289,  82.4853,  84.2613,  86.0570,  87.8724,  89.7074,  91.5621,  93.4365,  95.3305,  97.2443,  99.1776, 101.1307, 103.1034, 105.0958, 107.1078, 109.1396, 111.1909, 113.2620, 115.3527, 117.4631, 119.5932, 121.7429, 123.9123, 126.1014, 128.3101, 130.5385, 132.7865, 135.0543, 137.3417, 139.6488, 141.9755, 144.3219, 146.6880, 149.0737, 151.4791, 153.9042, 156.3490, 158.8134, 161.2974, 163.8012, 166.3246, 168.8677, 171.4305, 174.0129, 176.6150, 179.2367, 181.8781, 184.5392, 187.2200, 189.9204, 192.6405, 195.3803, 198.1397, 200.9188, 203.7176, 206.5360, 209.3741, 212.2319, 215.1093, 218.0065, 220.9232, 223.8597, 226.8158, 229.7916, 232.7870, 235.8021, 238.8369, 241.8914, 244.9655, 248.0593, 251.1727, 254.3059, 257.4586, 260.6311, 263.8232, 267.0350, 270.2665, 273.5176, 276.7884, 280.0789 },
	{   0.0000,   2.4568,   4.9136,   7.3704,   9.8273,  12.2841,  14.7409,  17.1977,  19.6545,  22.1113,  24.5681,  27.0249,  29.4818,  31.9386,  34.3954,  36.8522,  39.3090,  41.7658,  44.2226,  46.6794,  48.9166,  50.3859,  51.7795,  53.1926,  54.6255,  56.0780,  57.5502,  59.0421,  60.5536,  62.0848,  63.6357,  65.2062,  66.7964,  68.4063,  70.0358,  71.6850,  73.3539,  75.0424,  76.7507,  78.4785,  80.2261,  81.9933,  83.7802,  85.5867,  87.4129,  89.2588,  91.1244,  93.0096,  94.9145,  96.8391,  98.7833, 100.7472, 102.7307, 104.7340, 106.7569, 108.7994, 110.8617, 112.9436, 115.0451, 117.1664, 119.3073, 121.4678, 123.6481, 125.8480, 128.0676, 130.3068, 132.5657, 134.8443, 137.1425, 139.4605, 141.7980, 144.1553, 146.5322, 148.9288, 151.3451, 153.7810, 156.2366, 158.7118, 161.2068, 163.7214, 166.2556, 168.8095, 171.3831, 173.9764, 176.5893, 179.2219, 181.8742, 184.5462, 187.2378, 189.9490, 192.6800, 195.4306, 198.2009, 200.9908, 203.8004, 206.6297, 209.4787, 212.3473, 215.2356, 218.1435, 221.0711, 224.0184, 226.9854, 229.9720, 232.9783, 236.0043, 239.0499, 242.1152, 245.2001, 248.3048, 251.4291, 254.5730, 257.7367, 260.9200, 264.1230, 267.3456, 270.5879, 273.8499, 277.1315, 280.4328, 283.7538 },
	{   0.0000,   2.4883,   4.9766,   7.4649,   9.9532,  12.4415,  14.9299,  17.4182,  19.9065,  22.3948,  24.8831,  27.3714,  29.8597,  32.3480,  34.8363,  37.3246,  39.8129,  42.3013,  44.7896,  47.2779,  49.5365,  51.0386,  52.4626,  53.9063,  55.3697,  56.8527,  58.3554,  59.8778,  61.4198,  62.9815,  64.5629,  66.1640,  67.7847,  69.4251,  71.0851,  72.7648,  74.4642,  76.1833,  77.9220,  79.6804,  81.4585,  83.2562,  85.0736,  86.9106,  88.7674,  90.6438,  92.5398,  94.4556,  96.3910,  98.3460, 100.3208, 102.3152, 104.3293, 106.3630, 108.4164, 110.4895, 112.5822, 114.6947, 116.8267, 118.9785, 121.1499, 123.3410, 125.5517, 127.7822, 130.0322, 132.3020, 134.5914, 136.9005, 139.2293, 141.5777, 143.9458, 146.3336, 148.7410, 151.1681, 153.6149, 156.0813, 158.5674, 161.0732, 163.5986, 166.1437, 168.7085, 171.2930, 173.8971, 176.5208, 179.1643, 181.8274, 184.5102, 187.2126, 189.9348, 192.6765, 195.4380, 198.2191, 201.0199, 203.8404, 206.6805, 209.5403, 212.4198, 215.3189, 218.2377, 221.1762, 224.1343, 227.1121, 230.1096, 233.1267, 236.1635, 239.2200, 242.2961, 245.3919, 248.5074, 251.6426, 254.7974, 257.9718, 261.1660, 264.3798, 267.6133, 270.8665, 274.1393, 277.4318, 280.7439, 284.0757, 287.4272 },
	{   0.0000,   2.5198,   5.0396,   7.5594,  10.0792,  12.5990,  15.1188,  17.6386,  20.1584,  22.6783,  25.1981,  27.7179,  30.2377,  32.7575,  35.2773,  37.7971,  40.3169,  42.8367,  45.3565,  47.8763,  50.1565,  51.6897,  53.1442,  54.6184,  56.1123,  57.6259,  59.1591,  60.7120,  62.2845,  63.8768,  65.4887,  67.1202,  68.7714,  70.4423,  72.1329,  73.8431,  75.5730,  77.3226,  79.0918,  80.8807,  82.6893,  84.5176,  86.3655,  88.2330,  90.1203,  92.0272,  93.9538,  95.9000,  97.8659,  99.8515, 101.8568, 103.8817, 105.9263, 107.9905, 110.0745, 112.1780, 114.3013, 116.4442, 118.6068, 120.7891, 122.9910, 125.2126, 127.4539, 129.7148, 131.9954, 134.2957, 136.6156, 138.9552, 141.3145, 143.6934, 146.0921, 148.5103, 150.9483, 153.4059, 155.8832, 158.3801, 160.8967, 163.4330, 165.9890, 168.5646, 171.1599, 173.7748, 176.4095, 179.0638, 181.7377, 184.4314, 187.1446, 189.8776, 192.6302, 195.4025, 198.1945, 201.0061, 203.8375, 206.6884, 209.5591, 212.4494, 215.3593, 218.2890, 221.2383, 224.2073, 227.1959, 230.2042, 233.2322, 236.2799, 239.3472, 242.4342, 245.5408, 248.6672, 251.8132, 254.9788, 258.1641, 261.3691, 264.5938, 267.8381, 271.1021, 274.3858, 277.6891, 281.0121, 284.3548, 287.7171, 291.0991 }
};
